index,0,1,2
26457,0.0,0.25,0.75
26458,0.55,0.2,0.25
26459,0.07,0.08,0.85
26460,0.02,0.07,0.91
26461,0.0375,0.22,0.7425
26462,0.01,0.07,0.92
26463,0.49,0.43,0.08
26464,0.0,0.0,1.0
26465,0.05,0.0925,0.8575
26466,0.01,0.275,0.715
26467,0.05,0.01,0.94
26468,0.01,0.04,0.95
26469,0.87,0.01,0.12
26470,0.19,0.09666666666666668,0.7133333333333333
26471,0.065,0.0875,0.8475
26472,0.04,0.294,0.6659999999999999
26473,0.01,0.03,0.96
26474,0.22333333333333333,0.7166666666666667,0.06
26475,0.67,0.15,0.18
26476,0.04,0.045,0.915
26477,0.16477777777777777,0.06,0.7752222222222223
26478,0.03,0.04,0.93
26479,0.04,0.04,0.92
26480,0.03666666666666667,0.02,0.9433333333333335
26481,0.0,0.81,0.19
26482,0.44,0.0,0.56
26483,0.015,0.25,0.735
26484,0.11749999999999998,0.14666666666666667,0.7358333333333335
26485,0.0,0.03,0.97
26486,0.02,0.11,0.87
26487,0.13,0.09999999999999998,0.77
26488,0.06,0.87,0.07
26489,0.0,0.36,0.64
26490,0.08,0.15,0.77
26491,0.0,0.0,1.0
26492,0.04333333333333333,0.1575,0.7991666666666667
26493,0.81,0.19,0.0
26494,0.18333333333333335,0.20666666666666664,0.61
26495,0.015,0.05,0.935
26496,0.36166666666666664,0.04833333333333333,0.59
26497,0.02,0.89,0.09
26498,0.24,0.69,0.07
26499,0.045,0.14,0.815
26500,0.02,0.24,0.74
26501,0.02,0.53,0.45
26502,0.0,0.0,1.0
26503,0.13,0.65,0.22
26504,0.17,0.42,0.41
26505,0.06,0.08,0.86
26506,0.09,0.9,0.01
26507,0.035,0.855,0.11
26508,0.235,0.2633333333333333,0.5016666666666666
26509,0.32333333333333336,0.1,0.5766666666666667
26510,0.0,0.11,0.89
26511,0.03,0.04,0.93
26512,0.1643333333333333,0.18899999999999997,0.6466666666666666
26513,0.01,0.02,0.97
26514,0.025,0.02,0.955
26515,0.05,0.03,0.92
26516,0.0,0.3,0.7
26517,0.33,0.56,0.11
26518,0.07,0.16,0.77
26519,0.86,0.04,0.1
26520,0.0,0.96,0.04
26521,0.01,0.13,0.86
26522,0.14,0.155,0.705
26523,0.15,0.22333333333333333,0.6266666666666666
26524,0.1525,0.2841666666666667,0.5633333333333334
26525,0.1725,0.1375,0.69
26526,0.04,0.09,0.87
26527,0.08,0.865,0.055
26528,0.03,0.95,0.02
26529,0.54,0.05,0.41
26530,0.0775,0.2,0.7225
26531,0.01,0.01583333333333333,0.9741666666666667
26532,0.84,0.01,0.15
26533,0.05,0.15,0.8
26534,0.09,0.07,0.84
26535,0.03,0.03,0.94
26536,0.209,0.166,0.625
26537,0.0475,0.09,0.8625
26538,0.04,0.56,0.4
26539,0.03,0.08416666666666668,0.8858333333333335
26540,0.2816666666666666,0.125,0.5933333333333333
26541,0.01,0.04,0.95
26542,0.01,0.08,0.91
26543,0.0,0.03,0.97
26544,0.1485,0.16,0.6915
26545,0.01,0.19,0.8
26546,0.01,0.06,0.93
26547,0.005,0.03,0.965
26548,0.04,0.03,0.93
26549,0.17,0.82,0.01
26550,0.0,0.4692142857142858,0.5307857142857144
26551,0.0,0.68,0.32
26552,0.07,0.105,0.825
26553,0.03,0.06,0.91
26554,0.16666666666666663,0.5633333333333334,0.27
26555,0.05,0.02,0.93
26556,0.0,0.03,0.97
26557,0.04,0.02,0.94
26558,0.75,0.0325,0.2175
26559,0.2625,0.0275,0.71
26560,0.06,0.114,0.826
26561,0.03,0.07,0.9
26562,0.08,0.07,0.85
26563,0.02,0.055,0.925
26564,0.0,0.12,0.88
26565,0.01,0.85,0.14
26566,0.09,0.1,0.81
26567,0.06,0.085,0.855
26568,0.29,0.62,0.09
26569,0.0,0.09833333333333334,0.9016666666666666
26570,0.08,0.644,0.276
26571,0.08,0.11,0.81
26572,0.056666666666666664,0.44666666666666666,0.4966666666666667
26573,0.2225,0.1475,0.63
26574,0.26,0.04,0.7
26575,0.1,0.094,0.8059999999999999
26576,0.08166666666666667,0.013333333333333332,0.905
26577,0.23,0.225,0.545
26578,0.27,0.18,0.55
26579,0.22,0.69,0.09
26580,0.1,0.18166666666666664,0.7183333333333333
26581,0.15,0.1925,0.6575
26582,0.01,0.0,0.99
26583,0.0475,0.06,0.8925
26584,0.21,0.12,0.67
26585,0.0,0.91,0.09
26586,0.21,0.68,0.11
26587,0.10666666666666667,0.5825,0.3108333333333333
26588,0.01,0.01,0.98
26589,0.065,0.025,0.91
26590,0.0,0.7766666666666666,0.22333333333333336
26591,0.305,0.585,0.11
26592,0.26,0.01,0.73
26593,0.09,0.55,0.36
26594,0.08,0.19,0.73
26595,0.02,0.01,0.97
26596,0.03,0.06,0.91
26597,0.18,0.49,0.33
26598,0.13,0.1,0.77
26599,0.0475,0.04650000000000001,0.9059999999999999
26600,0.01,0.0,0.99
26601,0.02,0.19,0.79
26602,0.03,0.08333333333333334,0.8866666666666667
26603,0.045,0.06,0.895
26604,0.02,0.13,0.85
26605,0.04,0.06,0.9
26606,0.155,0.33233333333333337,0.5126666666666667
26607,0.11,0.88,0.01
26608,0.06,0.08666666666666668,0.8533333333333334
26609,0.035,0.04,0.925
26610,0.3466666666666666,0.6133333333333333,0.04
26611,0.02,0.14,0.84
26612,0.05333333333333333,0.5483333333333333,0.39833333333333326
26613,0.06,0.23,0.71
26614,0.01,0.01,0.98
26615,0.16,0.12833333333333333,0.7116666666666666
26616,0.05,0.03,0.92
26617,0.06333333333333334,0.07,0.8666666666666666
26618,0.03,0.02,0.95
26619,0.13,0.28,0.59
26620,0.2,0.78,0.02
26621,0.04,0.0,0.96
26622,0.015,0.55,0.435
26623,0.0,0.9043333333333333,0.09566666666666666
26624,0.03666666666666667,0.12166666666666667,0.8416666666666667
26625,0.84,0.09,0.07
26626,0.16,0.01,0.83
26627,0.0,0.04,0.96
26628,0.0,0.06,0.94
26629,0.0,0.01,0.99
26630,0.03,0.13666666666666666,0.8333333333333333
26631,0.02,0.01,0.97
26632,0.3,0.12,0.58
26633,0.04,0.06333333333333334,0.8966666666666666
26634,0.05,0.08,0.87
26635,0.02,0.19,0.79
26636,0.0,0.36566666666666664,0.6343333333333333
26637,0.0,0.04166666666666667,0.9583333333333331
26638,0.0,0.96,0.04
26639,0.41583333333333333,0.36,0.22416666666666665
26640,0.07,0.15,0.78
26641,0.07,0.92,0.01
26642,0.05,0.15099999999999997,0.7989999999999999
26643,0.04,0.09,0.87
26644,0.07,0.07,0.86
26645,0.01,0.03,0.96
26646,0.92,0.01,0.07
26647,0.09,0.045,0.865
26648,0.04,0.7666666666666667,0.19333333333333333
26649,0.13,0.07,0.8
26650,0.9,0.09,0.01
26651,0.17,0.73,0.1
26652,0.24625,0.01375,0.74
26653,0.11599999999999999,0.024,0.86
26654,0.02,0.84,0.14
26655,0.13,0.48,0.39
26656,0.01,0.06,0.93
26657,0.19,0.18,0.63
26658,0.0,0.2,0.8
26659,0.145,0.285,0.57
26660,0.08,0.52,0.4
26661,0.04,0.0675,0.8925
26662,0.0,0.2333333333333333,0.7666666666666666
26663,0.07,0.61,0.32
26664,0.06666666666666667,0.04666666666666666,0.8866666666666667
26665,0.12583333333333332,0.64,0.23416666666666663
26666,0.01,0.85,0.14
26667,0.023333333333333334,0.03666666666666667,0.94
26668,0.02,0.72,0.26
26669,0.01,0.5029166666666667,0.4870833333333333
26670,0.59,0.23,0.18
26671,0.05,0.1525,0.7975
26672,0.04,0.07,0.89
26673,0.20933333333333334,0.13166666666666668,0.659
26674,0.7258333333333333,0.035,0.23916666666666667
26675,0.01,0.1575,0.8325
26676,0.02,0.02,0.96
26677,0.03,0.04333333333333333,0.9266666666666665
26678,0.08,0.56,0.36
26679,0.23,0.17,0.6
26680,0.01,0.07,0.92
26681,0.075,0.08,0.845
26682,0.01,0.16,0.83
26683,0.0,0.25,0.75
26684,0.155,0.1175,0.7275
26685,0.3099523809523809,0.19666666666666666,0.49338095238095225
26686,0.03,0.05,0.92
26687,0.07,0.17,0.76
26688,0.09,0.9,0.01
26689,0.15416666666666667,0.1325,0.7133333333333333
26690,0.0,0.0,1.0
26691,0.04,0.13,0.83
26692,0.0,0.07,0.93
26693,0.28,0.02,0.7
26694,0.717047619047619,0.2829523809523809,0.0
26695,0.045,0.08,0.875
26696,0.01,0.03,0.96
26697,0.06,0.03,0.91
26698,0.05,0.04,0.91
26699,0.32,0.39,0.29
26700,0.04,0.7,0.26
26701,0.1675,0.3025,0.53
26702,0.24,0.25,0.51
26703,0.03,0.15,0.82
26704,0.01,0.01,0.98
26705,0.01,0.035,0.955
26706,0.09,0.068,0.8420000000000001
26707,0.66,0.06,0.28
26708,0.055,0.09,0.855
26709,0.02,0.025,0.955
26710,0.14,0.24,0.62
26711,0.49,0.06,0.45
26712,0.01,0.235,0.755
26713,0.09,0.47,0.44
26714,0.042666666666666665,0.15,0.8073333333333333
26715,0.015,0.65,0.335
26716,0.01,0.95,0.04
26717,0.02,0.3795,0.6004999999999999
26718,0.106,0.05333333333333333,0.8406666666666667
26719,0.02,0.28,0.7
26720,0.3506666666666666,0.02,0.6293333333333334
26721,0.013333333333333332,0.4180238095238096,0.5686428571428571
26722,0.51,0.05,0.44
26723,0.175,0.17,0.655
26724,0.03,0.8,0.17
26725,0.01,0.04,0.95
26726,0.09166666666666666,0.83,0.07833333333333334
26727,0.027999999999999997,0.06,0.912
26728,0.12,0.2498333333333333,0.6301666666666668
26729,0.45,0.1125,0.4375
26730,0.01,0.32,0.67
26731,0.05,0.02,0.93
26732,0.38,0.56,0.06
26733,0.03,0.04,0.93
26734,0.0,0.24,0.76
26735,0.04,0.06,0.9
26736,0.02,0.54,0.44
26737,0.15666666666666668,0.0,0.8433333333333334
26738,0.02,0.03,0.95
26739,0.6286666666666667,0.04,0.3313333333333333
26740,0.0,0.04,0.96
26741,0.185,0.7,0.115
26742,0.03,0.1,0.87
26743,0.13,0.1,0.77
26744,0.2033333333333333,0.07,0.7266666666666666
26745,0.01,0.0,0.99
26746,0.6366666666666666,0.08,0.2833333333333333
26747,0.05,0.82,0.13
26748,0.23,0.76,0.01
26749,0.02,0.21,0.77
26750,0.03,0.04,0.93
26751,0.06,0.06,0.88
26752,0.03,0.81,0.16
26753,0.07,0.0495,0.8805
26754,0.0,0.03,0.97
26755,0.02,0.1035,0.8765000000000001
26756,0.26,0.01,0.73
26757,0.0,0.11,0.89
26758,0.67,0.15333333333333332,0.17666666666666667
26759,0.15,0.28,0.57
26760,0.46,0.19,0.35
26761,0.0,0.145,0.855
26762,0.02,0.03,0.95
26763,0.02,0.11,0.87
26764,0.005666666666666666,0.2376666666666667,0.7566666666666667
26765,0.01,0.1,0.89
26766,0.0,0.33,0.67
26767,0.06333333333333334,0.08,0.8566666666666666
26768,0.03,0.95,0.02
26769,0.39,0.2,0.41
26770,0.10666666666666667,0.08,0.8133333333333335
26771,0.09,0.9,0.01
26772,0.86,0.02,0.12
26773,0.19,0.168,0.642
26774,0.18,0.225,0.595
26775,0.0,0.13,0.87
26776,0.0,0.045,0.955
26777,0.01,0.02,0.97
26778,0.015,0.03,0.955
26779,0.105,0.12,0.775
26780,0.026666666666666665,0.09,0.8833333333333333
26781,0.03,0.13,0.84
26782,0.01,0.1,0.89
26783,0.1433333333333333,0.07,0.7866666666666667
26784,0.04,0.76,0.2
26785,0.01,0.23,0.76
26786,0.84,0.04,0.12
26787,0.0,0.006666666666666666,0.9933333333333333
26788,0.02,0.57,0.41
26789,0.07666666666666666,0.38,0.5433333333333333
26790,0.01,0.6,0.39
26791,0.06,0.03,0.91
26792,0.05,0.05,0.9
26793,0.0,0.10933333333333332,0.8906666666666666
26794,0.03,0.07,0.9
26795,0.03,0.3270238095238095,0.6429761904761904
26796,0.2,0.79,0.01
26797,0.1,0.3095,0.5905
26798,0.75,0.11,0.14
26799,0.054000000000000006,0.0975,0.8484999999999999
26800,0.04,0.89,0.07
26801,0.03,0.91,0.06
26802,0.04833333333333333,0.03,0.9216666666666665
26803,0.04,0.24,0.72
26804,0.04,0.06,0.9
26805,0.0,0.04,0.96
26806,0.013333333333333332,0.44,0.5466666666666666
26807,0.01,0.01,0.98
26808,0.01,0.18,0.81
26809,0.02,0.17,0.81
26810,0.01,0.14,0.85
26811,0.01,0.05,0.94
26812,0.04,0.09,0.87
26813,0.07,0.3,0.63
26814,0.24,0.20666666666666667,0.5533333333333332
26815,0.10666666666666667,0.3483333333333334,0.5450000000000002
26816,0.0,0.75,0.25
26817,0.02,0.03,0.95
26818,0.05333333333333334,0.13166666666666665,0.815
26819,0.15,0.03333333333333333,0.8166666666666665
26820,0.15583333333333335,0.7841666666666666,0.06
26821,0.11,0.89,0.0
26822,0.06,0.27,0.67
26823,0.04,0.11,0.85
26824,0.04,0.01,0.95
26825,0.03333333333333333,0.106,0.8606666666666668
26826,0.04,0.03,0.93
26827,0.1125,0.2575,0.63
26828,0.235,0.09,0.675
26829,0.04,0.07,0.89
26830,0.02,0.07333333333333333,0.9066666666666667
26831,0.07,0.08,0.85
26832,0.02,0.03,0.95
26833,0.0,0.01,0.99
26834,0.01,0.28,0.71
26835,0.97,0.01,0.02
26836,0.06833333333333333,0.33166666666666667,0.6
26837,0.19,0.02,0.79
26838,0.0,0.8101190476190477,0.18988095238095237
26839,0.845,0.027999999999999997,0.127
26840,0.18,0.2425,0.5775
26841,0.02,0.01,0.97
26842,0.0,0.01,0.99
26843,0.24,0.14,0.62
26844,0.0,0.77,0.23
26845,0.4,0.0,0.6
26846,0.01,0.02,0.97
26847,0.19,0.255,0.555
26848,0.15166666666666667,0.12283333333333334,0.7254999999999999
26849,0.03,0.03833333333333334,0.9316666666666668
26850,0.1175,0.26,0.6225
26851,0.1325,0.285,0.5825
26852,0.02,0.88,0.1
26853,0.09,0.04,0.87
26854,0.068,0.882,0.05
26855,0.04,0.09,0.87
26856,0.22,0.01,0.77
26857,0.07,0.44,0.49
26858,0.01,0.96,0.03
26859,0.015,0.725,0.26
26860,0.01,0.9,0.09
26861,0.04,0.42,0.54
26862,0.04,0.18,0.78
26863,0.0,0.0,1.0
26864,0.01,0.61,0.38
26865,0.05,0.15,0.8
26866,0.0,0.01,0.99
26867,0.1,0.06,0.84
26868,0.034,0.08,0.8859999999999999
26869,0.01,0.0,0.99
26870,0.0,0.93,0.07
26871,0.35,0.14,0.51
26872,0.0,0.06,0.94
26873,0.0,0.03916666666666666,0.9608333333333333
26874,0.06,0.7,0.24
26875,0.0,0.4748571428571428,0.5251428571428572
26876,0.03,0.07,0.9
26877,0.04,0.07,0.89
26878,0.105,0.185,0.7099999999999999
26879,0.005,0.03,0.965
26880,0.63,0.03,0.34
26881,0.04333333333333334,0.03,0.9266666666666667
26882,0.36,0.0,0.64
26883,0.06,0.23,0.71
26884,0.0,0.8466666666666666,0.15333333333333332
26885,0.56,0.042333333333333334,0.39766666666666667
26886,0.01,0.03,0.96
26887,0.05,0.06,0.89
26888,0.39399999999999996,0.10766666666666667,0.4983333333333333
26889,0.01,0.08,0.91
26890,0.0225,0.19,0.7875
26891,0.1,0.65,0.25
26892,0.105,0.13,0.765
26893,0.05,0.02,0.93
26894,0.0,0.04,0.96
26895,0.05333333333333333,0.41,0.5366666666666666
26896,0.11,0.22,0.67
26897,0.04,0.14,0.82
26898,0.04333333333333333,0.02,0.9366666666666668
26899,0.195,0.265,0.54
26900,0.02,0.08,0.9
26901,0.0,0.01,0.99
26902,0.0,0.0,1.0
26903,0.05,0.13,0.82
26904,0.25,0.69,0.06
26905,0.04,0.07333333333333333,0.8866666666666667
26906,0.0,0.02,0.98
26907,0.1,0.06,0.84
26908,0.01,0.02,0.97
26909,0.0,0.865,0.135
26910,0.16,0.305,0.535
26911,0.016666666666666666,0.04,0.9433333333333335
26912,0.015,0.06,0.925
26913,0.1,0.0,0.9
26914,0.0,0.19271428571428573,0.8072857142857144
26915,0.2225,0.12,0.6575
26916,0.28,0.7,0.02
26917,0.0,0.01,0.99
26918,0.05,0.08,0.87
26919,0.835,0.14,0.025
26920,0.02,0.06,0.92
26921,0.0,0.8484999999999999,0.1515
26922,0.08,0.40666666666666673,0.5133333333333333
26923,0.01,0.04,0.95
26924,0.11333333333333334,0.04333333333333334,0.8433333333333334
26925,0.07,0.1,0.83
26926,0.195,0.2533333333333333,0.5516666666666667
26927,0.11,0.12,0.77
26928,0.05,0.95,0.0
26929,0.02,0.15583333333333335,0.8241666666666666
26930,0.03,0.82,0.15
26931,0.47,0.43333333333333335,0.09666666666666666
26932,0.07,0.655,0.275
26933,0.65,0.09,0.26
26934,0.13333333333333333,0.2375,0.6291666666666667
26935,0.013333333333333332,0.09666666666666668,0.89
26936,0.01,0.02,0.97
26937,0.16,0.32,0.52
26938,0.28,0.59,0.13
26939,0.33333333333333326,0.6666666666666665,0.0
26940,0.15,0.1758333333333333,0.6741666666666667
26941,0.0,0.0775,0.9225
26942,0.04,0.07,0.89
26943,0.0125,0.74,0.2475
26944,0.04,0.09,0.87
26945,0.0475,0.7925,0.16
26946,0.01,0.06,0.93
26947,0.02,0.14,0.84
26948,0.03,0.07,0.9
26949,0.6,0.01,0.39
26950,0.06,0.01,0.93
26951,0.83,0.09333333333333332,0.07666666666666666
26952,0.136,0.185,0.679
26953,0.0,0.0,1.0
26954,0.01,0.07,0.92
26955,0.055,0.715,0.23
26956,0.04,0.64,0.32
26957,0.92,0.02,0.06
26958,0.59,0.11,0.3
26959,0.035,0.1,0.865
26960,0.005,0.06916666666666667,0.9258333333333333
26961,0.016666666666666666,0.02,0.9633333333333333
26962,0.04,0.83,0.13
26963,0.28,0.02,0.7
26964,0.12,0.2516666666666667,0.6283333333333334
26965,0.006666666666666666,0.6216666666666666,0.37166666666666665
26966,0.11,0.22,0.67
26967,0.03,0.07,0.9
26968,0.15,0.205,0.645
26969,0.0,0.0,1.0
26970,0.044000000000000004,0.06,0.8959999999999999
26971,0.01,0.08,0.91
26972,0.28,0.6,0.12
26973,0.14833333333333334,0.2,0.6516666666666666
26974,0.02,0.04,0.94
26975,0.01,0.02,0.97
26976,0.30666666666666664,0.5733333333333333,0.12
26977,0.21333333333333335,0.1580952380952381,0.6285714285714286
26978,0.04,0.1467857142857143,0.8132142857142857
26979,0.08333333333333334,0.27,0.6466666666666667
26980,0.05,0.09833333333333334,0.8516666666666666
26981,0.02,0.67,0.31
26982,0.05,0.11,0.84
26983,0.064,0.266,0.67
26984,0.04,0.13,0.83
26985,0.1,0.5116666666666667,0.3883333333333333
26986,0.02,0.0,0.98
26987,0.01,0.91,0.08
26988,0.01,0.85,0.14
26989,0.125,0.245,0.63
26990,0.04333333333333334,0.03,0.9266666666666665
26991,0.0,0.0,1.0
26992,0.08,0.52,0.4
26993,0.01,0.02,0.97
26994,0.21066666666666667,0.18533333333333332,0.604
26995,0.045,0.3733333333333333,0.5816666666666667
26996,0.02,0.02,0.96
26997,0.4426666666666666,0.539,0.018333333333333333
26998,0.255,0.05,0.695
26999,0.6333333333333333,0.08,0.2866666666666666
27000,0.0,0.33,0.67
27001,0.04,0.6759999999999999,0.284
27002,0.0,0.28,0.72
27003,0.1,0.11333333333333334,0.7866666666666667
27004,0.06,0.095,0.845
27005,0.04,0.61,0.35
27006,0.01,0.01,0.98
27007,0.13,0.495,0.375
27008,0.08,0.44,0.48
27009,0.0,0.23,0.77
27010,0.13333333333333333,0.2016666666666667,0.665
27011,0.2,0.705,0.095
27012,0.02,0.01,0.97
27013,0.47,0.23,0.3
27014,0.01,0.66,0.33
27015,0.04,0.49666666666666665,0.4633333333333334
27016,0.02,0.01,0.97
27017,0.01,0.03,0.96
27018,0.08733333333333335,0.016,0.8966666666666667
27019,0.18778571428571428,0.1691666666666667,0.6430476190476191
27020,0.01,0.6997738095238094,0.29022619047619047
27021,0.0,0.61,0.39
27022,0.02,0.24166666666666667,0.7383333333333334
27023,0.06,0.4708095238095237,0.46919047619047627
27024,0.04,0.1,0.86
27025,0.04,0.0,0.96
27026,0.0,0.08,0.92
27027,0.03,0.0,0.97
27028,0.3,0.13,0.57
27029,0.01,0.19166666666666668,0.7983333333333333
27030,0.0,0.4622857142857143,0.5377142857142857
27031,0.7334999999999999,0.18650000000000003,0.08
27032,0.19,0.03666666666666667,0.7733333333333333
27033,0.03,0.1,0.87
27034,0.14,0.155,0.705
27035,0.95,0.025,0.025
27036,0.01,0.0,0.99
27037,0.32,0.14,0.54
27038,0.02,0.07,0.91
27039,0.78,0.1,0.12
27040,0.06,0.07,0.87
27041,0.0,0.01,0.99
27042,0.31000000000000005,0.6200000000000001,0.07
27043,0.03,0.03,0.94
27044,0.0,0.0,1.0
27045,0.05,0.02,0.93
27046,0.04,0.055,0.905
27047,0.125,0.5,0.375
27048,0.585,0.405,0.01
27049,0.14916666666666667,0.4325,0.41833333333333333
27050,0.01,0.11,0.88
27051,0.02,0.2291190476190476,0.7508809523809523
27052,0.01,0.02,0.97
27053,0.02,0.14,0.84
27054,0.04,0.01,0.95
27055,0.1,0.89,0.01
27056,0.12,0.88,0.0
27057,0.04,0.15,0.81
27058,0.6233333333333334,0.26,0.11666666666666665
27059,0.06,0.08,0.86
27060,0.05,0.14,0.81
27061,0.79,0.14,0.07
27062,0.5683333333333334,0.025,0.4066666666666666
27063,0.08,0.06,0.86
27064,0.0,0.0,1.0
27065,0.11,0.4116666666666666,0.4783333333333333
27066,0.0,0.04,0.96
27067,0.06,0.22733333333333333,0.7126666666666667
27068,0.47,0.08,0.45
27069,0.0,0.0,1.0
27070,0.01,0.01,0.98
27071,0.01,0.02,0.97
27072,0.01,0.145,0.845
27073,0.04416666666666667,0.14,0.8158333333333333
27074,0.02,0.6475,0.3325
27075,0.4358333333333333,0.21,0.35416666666666674
27076,0.15,0.08,0.77
27077,0.036000000000000004,0.049,0.915
27078,0.0,0.03,0.97
27079,0.0,0.030666666666666665,0.9693333333333334
27080,0.0,0.93,0.07
27081,0.04,0.03,0.93
27082,0.02,0.0,0.98
27083,0.05,0.16,0.79
27084,0.0,0.65,0.35
27085,0.02,0.0,0.98
27086,0.5115,0.11666666666666665,0.3718333333333333
27087,0.16166666666666668,0.1733333333333333,0.665
27088,0.0,0.04,0.96
27089,0.06,0.115,0.825
27090,0.0,0.0,1.0
27091,0.13,0.77,0.1
27092,0.13666666666666666,0.7233333333333333,0.14
27093,0.06,0.6833333333333332,0.25666666666666665
27094,0.3,0.0,0.7
27095,0.02,0.0,0.98
27096,0.07666666666666666,0.9133333333333334,0.01
27097,0.1985,0.359,0.4425
27098,0.11833333333333335,0.31,0.5716666666666668
27099,0.015,0.02,0.965
27100,0.055,0.03166666666666667,0.9133333333333333
27101,0.13833333333333334,0.31,0.5516666666666667
27102,0.02,0.2833333333333334,0.6966666666666665
27103,0.0,0.15,0.85
27104,0.11416666666666668,0.1,0.7858333333333334
27105,0.01,0.0,0.99
27106,0.05,0.055,0.895
27107,0.13,0.1275,0.7425
27108,0.025,0.11,0.865
27109,0.17416666666666664,0.195,0.6308333333333334
27110,0.11,0.03,0.86
27111,0.045,0.0,0.955
27112,0.98,0.01,0.01
27113,0.0,0.01,0.99
27114,0.3133333333333333,0.06666666666666667,0.62
27115,0.21,0.67,0.12
27116,0.0,0.49,0.51
27117,0.04,0.29,0.67
27118,0.02,0.01,0.97
27119,0.0,0.91,0.09
27120,0.22,0.78,0.0
27121,0.11833333333333335,0.7816666666666667,0.1
27122,0.09,0.15,0.76
27123,0.11166666666666666,0.06,0.8283333333333333
27124,0.44,0.14666666666666667,0.41333333333333333
27125,0.06,0.06,0.88
27126,0.09,0.105,0.805
27127,0.414047619047619,0.01,0.575952380952381
27128,0.02,0.163,0.8170000000000001
27129,0.18333333333333335,0.02,0.7966666666666665
27130,0.03,0.02,0.95
27131,0.7421666666666666,0.01,0.24783333333333335
27132,0.23,0.05,0.72
27133,0.03,0.64,0.33
27134,0.01,0.5483333333333333,0.4416666666666667
27135,0.08,0.9,0.02
27136,0.03,0.71,0.26
27137,0.01,0.03,0.96
27138,0.72,0.02,0.26
27139,0.10833333333333334,0.13,0.7616666666666667
27140,0.39,0.05,0.56
27141,0.10666666666666666,0.255,0.6383333333333333
27142,0.69,0.08,0.23
27143,0.03,0.05,0.92
27144,0.07,0.0,0.93
27145,0.83,0.01,0.16
27146,0.01,0.025,0.965
27147,0.05428571428571429,0.09,0.8557142857142856
27148,0.04,0.09333333333333334,0.8666666666666667
27149,0.06,0.21,0.73
27150,0.0,0.0,1.0
27151,0.13,0.12,0.75
27152,0.25,0.02,0.73
27153,0.0,0.0,1.0
27154,0.02,0.56,0.42
27155,0.05,0.13,0.82
27156,0.1575,0.19,0.6525
27157,0.13,0.15,0.72
27158,0.0,0.0,1.0
27159,0.02,0.01,0.97
27160,0.01,0.05,0.94
27161,0.685,0.02,0.295
27162,0.055,0.42466666666666675,0.5203333333333332
27163,0.0,0.01,0.99
27164,0.04,0.14,0.82
27165,0.03,0.02,0.95
27166,0.1825,0.145,0.6725
27167,0.15,0.175,0.675
27168,0.16,0.17,0.67
27169,0.0,0.0,1.0
27170,0.23,0.02,0.75
27171,0.01,0.40133333333333326,0.5886666666666668
27172,0.02,0.05,0.93
27173,0.01,0.04666666666666666,0.9433333333333335
27174,0.01,0.7283333333333334,0.26166666666666666
27175,0.27121428571428574,0.02,0.7087857142857144
27176,0.18,0.18383333333333332,0.6361666666666667
27177,0.05,0.22666666666666668,0.7233333333333333
27178,0.08,0.1,0.82
27179,0.0,0.0,1.0
27180,0.051500000000000004,0.05333333333333334,0.8951666666666667
27181,0.31,0.02,0.67
27182,0.056666666666666664,0.055,0.8883333333333334
27183,0.0,0.02,0.98
27184,0.16333333333333333,0.17,0.6666666666666667
27185,0.02,0.06,0.92
27186,0.01,0.15666666666666665,0.8333333333333333
27187,0.03,0.18,0.79
27188,0.013333333333333332,0.06,0.9266666666666667
27189,0.015,0.18,0.805
27190,0.13516666666666666,0.0,0.8648333333333333
27191,0.19166666666666665,0.6983333333333335,0.11
27192,0.06,0.0575,0.8825
27193,0.02,0.01,0.97
27194,0.15166666666666667,0.06,0.7883333333333334
27195,0.0,0.02,0.98
27196,0.013333333333333332,0.08666666666666668,0.9
27197,0.23,0.05,0.72
27198,0.0,0.0,1.0
27199,0.05,0.07,0.88
27200,0.03,0.74,0.23
27201,0.04,0.05,0.91
27202,0.04,0.062,0.898
27203,0.01,0.01,0.98
27204,0.72,0.11,0.17
27205,0.14,0.04,0.82
27206,0.01,0.02,0.97
27207,0.01,0.03,0.96
27208,0.09833333333333334,0.11,0.7916666666666665
27209,0.25,0.03,0.72
27210,0.12,0.0,0.88
27211,0.0,0.3683333333333333,0.6316666666666666
27212,0.0,0.0,1.0
27213,0.04,0.09,0.87
27214,0.15833333333333333,0.26166666666666666,0.58
27215,0.0575,0.18,0.7625
27216,0.0,0.0,1.0
27217,0.8566666666666667,0.04333333333333333,0.1
27218,0.045,0.21,0.745
27219,0.05,0.1973333333333333,0.7526666666666667
27220,0.03,0.7233333333333333,0.24666666666666667
27221,0.92,0.019999999999999997,0.06000000000000001
27222,0.24,0.76,0.0
27223,0.04,0.05,0.91
27224,0.1,0.66,0.24
27225,0.003333333333333333,0.0,0.9966666666666667
27226,0.8,0.1725,0.0275
27227,0.13,0.87,0.0
27228,0.0,0.93,0.07
27229,0.08,0.17,0.75
27230,0.6605000000000001,0.01,0.3295
27231,0.07333333333333333,0.204,0.7226666666666667
27232,0.19,0.32,0.49
27233,0.305,0.54,0.155
27234,0.02,0.02,0.96
27235,0.04,0.0625,0.8975
27236,0.22,0.085,0.695
27237,0.08,0.82,0.1
27238,0.0,0.9,0.1
27239,0.0,0.44533333333333336,0.5546666666666666
27240,0.19333333333333333,0.7266666666666666,0.08
27241,0.36,0.26,0.38
27242,0.079,0.02,0.9010000000000001
27243,0.62,0.08,0.3
27244,0.04,0.02,0.94
27245,0.0,0.0,1.0
27246,0.03,0.0,0.97
27247,0.21,0.1,0.69
27248,0.01,0.8825,0.1075
27249,0.01,0.04,0.95
27250,0.11,0.18916666666666665,0.7008333333333333
27251,0.026666666666666665,0.21,0.7633333333333333
27252,0.26,0.21,0.53
27253,0.03,0.87,0.1
27254,0.07066666666666667,0.09,0.8393333333333333
27255,0.08,0.09,0.83
27256,0.1733333333333333,0.20666666666666667,0.62
27257,0.78,0.01,0.21
27258,0.22,0.265,0.515
27259,0.026666666666666665,0.16,0.8133333333333335
27260,0.2,0.59,0.21
27261,0.07666666666666666,0.09,0.8333333333333333
27262,0.02,0.73,0.25
27263,0.125,0.385,0.49
27264,0.03333333333333333,0.10666666666666666,0.86
27265,0.0,0.0,1.0
27266,0.28,0.15,0.57
27267,0.15,0.66,0.19
27268,0.012,0.03,0.958
27269,0.1375,0.0775,0.785
27270,0.03,0.03,0.94
27271,0.0,0.57,0.43
27272,0.16666666666666663,0.03,0.8033333333333332
27273,0.13,0.265,0.605
27274,0.05,0.04,0.91
27275,0.0175,0.015,0.9675
27276,0.03,0.12,0.85
27277,0.19,0.03,0.78
27278,0.02,0.14,0.84
27279,0.1865,0.18366666666666667,0.6298333333333334
27280,0.01,0.645,0.345
27281,0.7566666666666666,0.056666666666666664,0.18666666666666665
27282,0.01,0.11,0.88
27283,0.375,0.525,0.1
27284,0.07,0.86,0.07
27285,0.28600000000000003,0.05,0.664
27286,0.1,0.3075,0.5925
27287,0.0225,0.4583333333333334,0.5191666666666666
27288,0.04666666666666667,0.1,0.8533333333333334
27289,0.013333333333333332,0.12666666666666665,0.86
27290,0.04,0.51,0.45
27291,0.16,0.07,0.77
27292,0.0,0.68,0.32
27293,0.25,0.22,0.53
27294,0.14,0.17666666666666667,0.6833333333333332
27295,0.03,0.04,0.93
27296,0.0,0.29,0.71
27297,0.2653333333333333,0.18633333333333332,0.5483333333333333
27298,0.0,0.18233333333333332,0.8176666666666667
27299,0.06,0.20166666666666663,0.7383333333333334
27300,0.39,0.08,0.53
27301,0.14,0.165,0.695
27302,0.1825,0.7875,0.03
27303,0.53,0.0,0.47
27304,0.0,0.33352380952380956,0.6664761904761904
27305,0.02,0.02,0.96
27306,0.03333333333333333,0.0,0.9666666666666667
27307,0.0,0.02,0.98
27308,0.04,0.0,0.96
27309,0.01,0.035,0.955
27310,0.07,0.1475,0.7825
27311,0.0,0.04,0.96
27312,0.15166666666666667,0.08916666666666666,0.7591666666666665
27313,0.01,0.03,0.96
27314,0.026666666666666665,0.05,0.9233333333333335
27315,0.0,0.04,0.96
27316,0.0,0.0025,0.9975
27317,0.2525,0.6175,0.13
27318,0.0,0.89,0.11
27319,0.04,0.09,0.87
27320,0.21166666666666667,0.21833333333333335,0.57
27321,0.01,0.02,0.97
27322,0.0,0.05,0.95
27323,0.06,0.1,0.84
27324,0.2,0.2033333333333333,0.5966666666666667
27325,0.03,0.56,0.41
27326,0.3808333333333333,0.155,0.4641666666666667
27327,0.11,0.7775,0.1125
27328,0.0,0.15,0.85
27329,0.0,0.04,0.96
27330,0.02,0.84,0.14
27331,0.23,0.01,0.76
27332,0.045,0.0625,0.8925
27333,0.57,0.08,0.35
27334,0.0,0.02,0.98
27335,0.02,0.05,0.93
27336,0.3096666666666667,0.0,0.6903333333333334
27337,0.626,0.11333333333333334,0.26066666666666666
27338,0.12,0.71,0.17
27339,0.18,0.145,0.675
27340,0.02,0.04,0.94
27341,0.0,0.05,0.95
27342,0.0,0.25666666666666665,0.7433333333333334
27343,0.01,0.01,0.98
27344,0.0,0.06916666666666665,0.9308333333333333
27345,0.26,0.05,0.69
27346,0.11583333333333334,0.11416666666666667,0.77
27347,0.22666666666666668,0.05,0.7233333333333332
27348,0.02,0.18,0.8
27349,0.64,0.01,0.35
27350,0.06,0.1,0.84
27351,0.01,0.03,0.96
27352,0.03833333333333333,0.0,0.9616666666666666
27353,0.02,0.13,0.85
27354,0.094,0.256,0.65
27355,0.0,0.08,0.92
27356,0.02,0.02,0.96
27357,0.06,0.22,0.72
27358,0.0,0.06666666666666667,0.9333333333333332
27359,0.04,0.3,0.66
27360,0.03333333333333333,0.06,0.9066666666666667
27361,0.02,0.97,0.01
27362,0.11,0.73,0.16
27363,0.04,0.06,0.9
27364,0.0,0.96,0.04
27365,0.5276428571428571,0.01,0.46235714285714297
27366,0.05,0.29,0.66
27367,0.06,0.07,0.87
27368,0.06,0.68,0.26
27369,0.19,0.66875,0.14125
27370,0.2028809523809524,0.7971190476190477,0.0
27371,0.97,0.0,0.03
27372,0.01,0.015,0.975
27373,0.05,0.7333333333333333,0.21666666666666665
27374,0.19416666666666665,0.18166666666666667,0.6241666666666666
27375,0.036000000000000004,0.076,0.8880000000000001
27376,0.4261904761904761,0.21,0.36380952380952386
27377,0.07416666666666667,0.2786666666666667,0.6471666666666667
27378,0.33,0.65,0.02
27379,0.04,0.05,0.91
27380,0.5063333333333334,0.4736666666666667,0.02
27381,0.01,0.45011904761904764,0.5398809523809524
27382,0.11,0.26,0.63
27383,0.01,0.01,0.98
27384,0.025,0.69,0.285
27385,0.87,0.02,0.11
27386,0.12,0.26,0.62
27387,0.15666666666666665,0.24,0.6033333333333333
27388,0.0,0.01,0.99
27389,0.15,0.26666666666666666,0.5833333333333334
27390,0.62,0.15,0.23
27391,0.13,0.02,0.85
27392,0.02,0.01,0.97
27393,0.13,0.19,0.68
27394,0.11666666666666665,0.08,0.8033333333333332
27395,0.01,0.02,0.97
27396,0.03,0.0,0.97
27397,0.0,0.98,0.02
27398,0.185,0.19,0.625
27399,0.0,0.78,0.22
27400,0.0,0.22,0.78
27401,0.12,0.01,0.87
27402,0.02,0.83,0.15
27403,0.125,0.3108333333333333,0.5641666666666667
27404,0.14,0.84,0.02
27405,0.3933333333333333,0.17999999999999997,0.42666666666666664
27406,0.02,0.215,0.765
27407,0.04,0.21,0.75
27408,0.05,0.03333333333333333,0.9166666666666665
27409,0.04333333333333334,0.5426666666666669,0.41399999999999976
27410,0.0,0.0,1.0
27411,0.01,0.0,0.99
27412,0.125,0.5,0.375
27413,0.52,0.12375,0.35625
27414,0.03,0.92,0.05
27415,1.0,0.0,0.0
27416,0.11,0.0625,0.8275
27417,0.2,0.15166666666666667,0.6483333333333334
27418,0.03,0.9,0.07
27419,0.0,0.97,0.03
27420,0.06666666666666667,0.11999999999999998,0.8133333333333335
27421,0.0,0.01,0.99
27422,0.0,0.04,0.96
27423,0.0725,0.365,0.5625
27424,0.7,0.05,0.25
27425,0.6553571428571427,0.09,0.25464285714285717
27426,0.07,0.13,0.8
27427,0.02,0.98,0.0
27428,0.01,0.21916666666666668,0.7708333333333333
27429,0.08,0.15,0.77
27430,0.13949999999999999,0.0,0.8604999999999999
27431,0.6208333333333332,0.0375,0.3416666666666666
27432,0.1,0.374,0.526
27433,0.04,0.64,0.32
27434,0.05,0.1,0.85
27435,0.0,0.11,0.89
27436,0.16416666666666668,0.2303333333333333,0.6055
27437,0.05,0.06,0.89
27438,0.02,0.03,0.95
27439,0.0,0.01,0.99
27440,0.17333333333333337,0.14,0.6866666666666665
27441,0.34,0.0,0.66
27442,0.03,0.03,0.94
27443,0.11,0.12,0.77
27444,0.17,0.07,0.76
27445,0.04,0.65,0.31
27446,0.21666666666666665,0.055,0.7283333333333334
27447,0.04,0.2930833333333333,0.6669166666666668
27448,0.04,0.11,0.85
27449,0.0,0.04,0.96
27450,0.07,0.92,0.01
27451,0.01,0.0,0.99
27452,0.0,0.02,0.98
27453,0.07,0.3491666666666666,0.5808333333333333
27454,0.11,0.14,0.75
27455,0.03,0.1475,0.8225
27456,0.0,0.56,0.44
27457,0.0625,0.16,0.7775
27458,0.05,0.13,0.82
27459,0.43,0.25,0.32
27460,0.175,0.1325,0.6925
27461,0.07,0.08,0.85
27462,0.02,0.11,0.87
27463,0.75,0.01,0.24
27464,0.18,0.23,0.59
27465,0.25,0.06,0.69
27466,0.065,0.4466666666666667,0.4883333333333333
27467,0.0,0.02,0.98
27468,0.01,0.01,0.98
27469,0.03,0.2,0.77
27470,0.12,0.0,0.88
27471,0.0275,0.0125,0.96
27472,0.02,0.12,0.86
27473,0.0,0.02,0.98
27474,0.26,0.15,0.59
27475,0.09,0.44,0.47
27476,0.04333333333333334,0.67,0.2866666666666667
27477,0.18,0.28850000000000003,0.5315
27478,0.0,0.01,0.99
27479,0.74,0.07,0.19
27480,0.15,0.295,0.555
27481,0.05,0.5308333333333334,0.41916666666666663
27482,0.03,0.05333333333333333,0.9166666666666667
27483,0.03,0.2986666666666667,0.6713333333333332
27484,0.04,0.4553333333333333,0.5046666666666668
27485,0.145,0.19,0.665
27486,0.0,0.68,0.32
27487,0.25,0.04,0.71
27488,0.22,0.2,0.58
27489,0.02,0.0,0.98
27490,0.05,0.07,0.88
27491,0.11,0.71,0.18
27492,0.05,0.12,0.83
27493,0.0,0.01,0.99
27494,0.03333333333333333,0.06,0.9066666666666667
27495,0.016666666666666666,0.18833333333333335,0.795
27496,0.0,0.7825,0.2175
27497,0.0,0.55,0.45
27498,0.83,0.06,0.11
27499,0.14,0.2725,0.5875
27500,0.0,0.0,1.0
27501,0.02,0.08,0.9
27502,0.0,0.915,0.085
27503,0.0,0.07,0.93
27504,0.0,0.88,0.12
27505,0.21,0.015,0.775
27506,0.46419047619047615,0.06,0.47580952380952385
27507,0.05,0.12,0.83
27508,0.03,0.03,0.94
27509,0.03,0.06,0.91
27510,0.53,0.04,0.43
27511,0.05,0.01,0.94
27512,0.0,0.0,1.0
27513,0.284,0.696,0.02
27514,0.1,0.07,0.83
27515,0.03,0.013333333333333332,0.9566666666666666
27516,0.02,0.32,0.66
27517,0.2475,0.04,0.7125
27518,0.1025,0.07,0.8275
27519,0.09,0.1731666666666667,0.7368333333333333
27520,0.02,0.23,0.75
27521,0.07833333333333332,0.8116666666666668,0.11
27522,0.21,0.72,0.07
27523,0.17,0.746,0.084
27524,0.13,0.29,0.58
27525,0.1075,0.23,0.6625
27526,0.04,0.09,0.87
27527,0.5633333333333334,0.08,0.35666666666666663
27528,0.14,0.1,0.76
27529,0.14,0.17,0.69
27530,0.03,0.56,0.41
27531,0.07,0.105,0.825
27532,0.005,0.04,0.955
27533,0.18,0.265,0.555
27534,0.02,0.845,0.135
27535,0.635,0.2,0.165
27536,0.09833333333333334,0.054000000000000006,0.8476666666666667
27537,0.131,0.205,0.664
27538,0.0,0.29,0.71
27539,0.245,0.65,0.105
27540,0.045,0.06,0.895
27541,0.62,0.37,0.01
27542,0.03333333333333333,0.71,0.25666666666666665
27543,0.34426190476190466,0.0,0.655738095238095
27544,0.0,0.0,1.0
27545,0.07,0.09,0.84
27546,0.16,0.195,0.645
27547,0.40333333333333327,0.5266666666666666,0.07
27548,0.18,0.2333333333333333,0.5866666666666667
27549,0.05,0.06083333333333333,0.8891666666666667
27550,0.0,0.01,0.99
27551,0.06,0.18333333333333335,0.7566666666666666
27552,0.0,0.02,0.98
27553,0.03,0.22966666666666669,0.7403333333333333
27554,0.03,0.95,0.02
27555,0.03,0.025,0.945
27556,0.0,0.25,0.75
27557,0.0,0.01,0.99
27558,0.05,0.08,0.87
27559,0.1433333333333333,0.39833333333333326,0.45833333333333337
27560,0.04,0.151,0.809
27561,0.04333333333333333,0.045,0.9116666666666667
27562,0.05,0.56,0.39
27563,0.01,0.3058809523809522,0.6841190476190475
27564,0.03333333333333333,0.06,0.9066666666666667
27565,0.01,0.01,0.98
27566,0.01,0.01,0.98
27567,0.3183333333333333,0.04,0.6416666666666666
27568,0.09,0.55,0.36
27569,0.12,0.2,0.68
27570,0.07,0.07,0.86
27571,0.58,0.4,0.02
27572,0.19,0.06,0.75
27573,0.716,0.06,0.22399999999999998
27574,0.1,0.14,0.76
27575,0.01,0.08,0.91
27576,0.0,0.85,0.15
27577,0.01,0.25783333333333336,0.7321666666666666
27578,0.1,0.02,0.88
27579,0.04,0.46,0.5
27580,0.0,0.21,0.79
27581,0.74,0.05,0.21
27582,0.1733333333333333,0.215,0.6116666666666667
27583,0.47,0.03,0.5
27584,0.01,0.13,0.86
27585,0.006666666666666666,0.013333333333333332,0.98
27586,0.14,0.0,0.86
27587,0.01,0.67,0.32
27588,0.01,0.99,0.0
27589,0.11,0.12,0.77
27590,0.08,0.31,0.61
27591,0.07,0.03,0.9
27592,0.01,0.0,0.99
27593,0.03,0.06,0.91
27594,0.0,0.674,0.326
27595,0.154,0.3,0.546
27596,0.02,0.0,0.98
27597,0.02,0.16,0.82
27598,0.06,0.06,0.88
27599,0.11166666666666666,0.3986666666666667,0.48966666666666664
27600,0.62,0.09,0.29
27601,0.71,0.04,0.25
27602,0.19833333333333333,0.2916666666666667,0.51
27603,0.63,0.19,0.18
27604,0.1,0.01,0.89
27605,0.4551666666666667,0.3648333333333333,0.18
27606,0.08,0.01,0.91
27607,0.6,0.0425,0.3575
27608,0.08,0.01,0.91
27609,0.085,0.0925,0.8225
27610,0.02,0.7066666666666667,0.2733333333333334
27611,0.08416666666666668,0.8858333333333333,0.03
27612,0.01,0.53,0.46
27613,0.34,0.07333333333333333,0.5866666666666667
27614,0.97,0.0,0.03
27615,0.02,0.008,0.972
27616,0.94,0.06,0.0
27617,0.015,0.91,0.075
27618,0.05,0.04,0.91
27619,0.03,0.07,0.9
27620,0.23,0.29,0.48
27621,0.01,0.76,0.23
27622,0.04,0.89,0.07
27623,0.29,0.1733333333333333,0.5366666666666666
27624,0.06,0.06,0.88
27625,0.01,0.18,0.81
27626,0.6680000000000001,0.0,0.33199999999999996
27627,0.006666666666666666,0.62,0.37333333333333335
27628,0.16,0.79,0.05
27629,0.0,0.01,0.99
27630,0.02,0.04,0.94
27631,0.73,0.0,0.27
27632,0.09,0.0,0.91
27633,0.03,0.74,0.23
27634,0.8338333333333334,0.01,0.15616666666666668
27635,0.1,0.078,0.8220000000000001
27636,0.125,0.2325,0.6425
27637,0.06,0.24449999999999997,0.6955
27638,0.10916666666666666,0.20833333333333331,0.6825
27639,0.96,0.01,0.03
27640,0.09,0.1325,0.7775
27641,0.05,0.62,0.33
27642,0.01,0.01,0.98
27643,0.1,0.4566071428571428,0.44339285714285714
27644,0.01,0.19,0.8
27645,0.01,0.9,0.09
27646,0.06,0.365,0.575
27647,0.36945238095238103,0.02,0.6105476190476191
27648,0.0,0.215,0.785
27649,0.01,0.04,0.95
27650,0.15933333333333333,0.57,0.2706666666666666
27651,0.115,0.08,0.805
27652,0.7421666666666666,0.01,0.24783333333333335
27653,0.02,0.01,0.97
27654,0.05,0.04,0.91
27655,0.09,0.03,0.88
27656,0.04,0.43866666666666665,0.5213333333333332
27657,0.05,0.7,0.25
27658,0.05,0.33166666666666667,0.6183333333333333
27659,0.02,0.018333333333333333,0.9616666666666666
27660,0.4675,0.12,0.4125
27661,0.0,0.01,0.99
27662,0.01,0.36,0.63
27663,0.195,0.23,0.575
27664,0.14,0.2366666666666667,0.6233333333333333
27665,0.635,0.04,0.325
27666,0.01,0.69,0.3
27667,0.0,0.02,0.98
27668,0.16,0.07,0.77
27669,0.04,0.21083333333333332,0.7491666666666668
27670,0.1,0.13849999999999998,0.7615000000000001
27671,0.4,0.10333333333333332,0.4966666666666667
27672,0.34800000000000003,0.04,0.6120000000000001
27673,0.0,0.08,0.92
27674,0.03,0.0,0.97
27675,0.04833333333333334,0.39,0.5616666666666666
27676,0.0,1.0,0.0
27677,0.0,0.01,0.99
27678,0.01,0.02,0.97
27679,0.04,0.72,0.24
27680,0.24,0.62,0.14
27681,0.0,0.41,0.59
27682,0.205,0.0475,0.7475
27683,0.034,0.92,0.046
27684,0.8533333333333333,0.006666666666666666,0.14
27685,0.14,0.2757142857142857,0.5842857142857143
27686,0.07,0.17333333333333337,0.7566666666666666
27687,0.02333333333333333,0.65,0.32666666666666666
27688,0.04833333333333334,0.3598809523809524,0.5917857142857144
27689,0.03,0.67,0.3
27690,0.11,0.08,0.81
27691,0.01,0.0,0.99
27692,0.18333333333333335,0.135,0.6816666666666665
27693,0.03,0.02,0.95
27694,0.0,0.09,0.91
27695,0.24333333333333332,0.16,0.5966666666666667
27696,0.075,0.29,0.635
27697,0.05666666666666667,0.06,0.8833333333333333
27698,0.39,0.18,0.43
27699,0.0,0.85,0.15
27700,0.7,0.23,0.07
27701,0.04,0.81,0.15
27702,0.0,0.12,0.88
27703,0.6366666666666667,0.15333333333333332,0.21
27704,0.03,0.25,0.72
27705,0.03,0.0415,0.9285
27706,0.03,0.01,0.96
27707,0.02,0.19,0.79
27708,0.01,0.02,0.97
27709,0.93,0.01,0.06
27710,0.12,0.12,0.76
27711,0.05,0.08,0.87
27712,0.04,0.045,0.915
27713,0.09,0.025,0.885
27714,0.18,0.31214285714285717,0.5078571428571429
27715,0.3,0.27,0.43
27716,0.05,0.086,0.8640000000000001
27717,0.01,0.03,0.96
27718,0.1,0.125,0.775
27719,0.01,0.0825,0.9075
27720,0.96,0.0,0.04
27721,0.04,0.5616666666666666,0.3983333333333334
27722,0.01,0.045,0.945
27723,0.0,0.0,1.0
27724,0.08,0.31816666666666665,0.6018333333333333
27725,0.04,0.02,0.94
27726,0.19,0.0325,0.7775
27727,0.04,0.25,0.71
27728,0.0,0.01,0.99
27729,0.36307142857142854,0.04,0.5969285714285715
27730,0.05,0.11,0.84
27731,0.22,0.12,0.66
27732,0.05,0.03,0.92
27733,0.17,0.12,0.71
27734,0.09333333333333334,0.07,0.8366666666666667
27735,0.0,0.2375,0.7625
27736,0.08,0.84,0.08
27737,0.03,0.04,0.93
27738,0.005,0.02,0.975
27739,0.02,0.04,0.94
27740,0.0,0.26,0.74
27741,0.02,0.115,0.865
27742,0.06,0.92,0.02
27743,0.05,0.11,0.84
27744,0.09,0.3775,0.5325
27745,0.003333333333333333,0.565,0.4316666666666667
27746,0.56,0.10166666666666668,0.33833333333333326
27747,0.02,0.02,0.96
27748,0.03,0.006428571428571428,0.9635714285714286
27749,0.09,0.075,0.835
27750,0.0,0.0,1.0
27751,0.0,0.0,1.0
27752,0.006,0.06,0.934
27753,0.0,0.98,0.02
27754,0.18,0.28833333333333333,0.5316666666666666
27755,0.11,0.29,0.6
27756,0.03,0.1733333333333333,0.7966666666666665
27757,0.27321428571428574,0.6567857142857143,0.07
27758,0.067,0.9329999999999999,0.0
27759,0.655,0.27,0.075
27760,0.03,0.03666666666666667,0.9333333333333335
27761,0.0,0.79,0.21
27762,0.08333333333333331,0.41533333333333344,0.5013333333333333
27763,0.335,0.13666666666666666,0.5283333333333333
27764,0.01,0.01,0.98
27765,0.013333333333333332,0.11833333333333332,0.8683333333333334
27766,0.09,0.065,0.845
27767,0.095,0.64,0.265
27768,0.0,0.1,0.9
27769,0.02,0.295,0.685
27770,0.185,0.23,0.585
27771,0.29,0.175,0.535
27772,0.06,0.29,0.65
27773,0.03,0.81,0.16
27774,0.04,0.245,0.715
27775,0.345,0.53,0.125
27776,0.0,0.04,0.96
27777,0.02,0.84,0.14
27778,0.23333333333333328,0.6966666666666665,0.07
27779,0.15,0.20666666666666664,0.6433333333333334
27780,0.735,0.19,0.075
27781,0.08,0.19,0.73
27782,0.4893333333333334,0.13066666666666665,0.38
27783,0.0,0.71,0.29
27784,0.11,0.08,0.81
27785,0.0425,0.11666666666666665,0.8408333333333333
27786,0.82,0.05,0.13
27787,0.01,0.02,0.97
27788,0.1,0.88,0.02
27789,0.03,0.08,0.89
27790,0.04,0.01,0.95
27791,0.02,0.06,0.92
27792,0.6729999999999999,0.02,0.307
27793,0.0,0.01,0.99
27794,0.0,0.03,0.97
27795,0.09,0.35916666666666663,0.5508333333333333
27796,0.035,0.02,0.945
27797,0.94,0.01,0.05
27798,0.01,0.01,0.98
27799,0.4716666666666666,0.4983333333333333,0.03
27800,0.01,0.0,0.99
27801,0.21,0.15,0.64
27802,0.05,0.03,0.92
27803,0.38733333333333336,0.03,0.5826666666666667
27804,0.03,0.05,0.92
27805,0.321,0.659,0.02
27806,0.02,0.08,0.9
27807,0.08,0.56,0.36
27808,0.07,0.19583333333333333,0.7341666666666667
27809,0.0,0.21,0.79
27810,0.07,0.09,0.84
27811,0.02,0.02,0.96
27812,0.265,0.635,0.1
27813,0.19333333333333336,0.07,0.7366666666666666
27814,0.01,0.98,0.01
27815,0.0,1.0,0.0
27816,0.72,0.07,0.21
27817,0.4267499999999999,0.4532500000000001,0.12
27818,0.20803571428571424,0.015,0.7769642857142857
27819,0.12,0.2675,0.6125
27820,0.24333333333333332,0.1416666666666667,0.615
27821,0.02,0.04,0.94
27822,0.05,0.24966666666666668,0.7003333333333334
27823,0.03166666666666666,0.04833333333333333,0.92
27824,0.6658333333333333,0.04,0.2941666666666667
27825,0.01,0.045,0.945
27826,0.205,0.615,0.18
27827,0.14,0.83,0.03
27828,0.005,0.04,0.955
