index,0,1,2
26457,0.09916600657521187,0.2159341561413179,0.6848998372834698
26458,0.15758400937966022,0.2147289512329814,0.6276870393873579
26459,0.12745164987105498,0.2200174106970285,0.6525309394319168
26460,0.1341842547379338,0.18098431169288362,0.6848314335691825
26461,0.1272399142015436,0.21988218863370587,0.6528778971647502
26462,0.08926694878073532,0.20079974377762977,0.7099333074416349
26463,0.25828648804604,0.13517474702535293,0.606538764928607
26464,0.14715973001801477,0.24381731386803795,0.6090229561139472
26465,0.06525137238437977,0.15359407153723584,0.7811545560783842
26466,0.09196772442800027,0.3670402645772377,0.540992010994762
26467,0.20575822148137912,0.2570819183827145,0.5371598601359061
26468,0.10895630373351485,0.15835501029750731,0.7326886859689777
26469,0.23696778916040936,0.24734086489862697,0.5156913459409632
26470,0.1333729742791138,0.22973014720008123,0.6368968785208048
26471,0.11181069640438332,0.19738884747080232,0.6908004561248141
26472,0.1327672554080754,0.329718982577572,0.537513762014353
26473,0.11460591366255217,0.21770637985466335,0.6676877064827843
26474,0.20836780102863517,0.2399158423217451,0.5517163566496197
26475,0.18727461008474974,0.23443659552865387,0.5782887943865963
26476,0.09721466747765618,0.26121265134357996,0.6415726811787639
26477,0.1259941892820228,0.2471756364451949,0.6268301742727821
26478,0.09556277585319567,0.16722223790072482,0.7372149862460793
26479,0.09483232821143765,0.18336496209487513,0.7218027096936871
26480,0.09698719089560033,0.202085709302085,0.7009270998023145
26481,0.1181474191946414,0.3193678629190865,0.5624847178862722
26482,0.07897136622524449,0.21918440908806203,0.7018442246866933
26483,0.06426906098336888,0.23053644308262602,0.705194495934005
26484,0.11349154373321137,0.2921454659545396,0.594362990312249
26485,0.12613368263466573,0.1729212476017341,0.7009450697636003
26486,0.12377699472085839,0.20631219682849897,0.6699108084506427
26487,0.08274013137778419,0.21533572123588882,0.7019241473863268
26488,0.1574902415175864,0.29684800061037364,0.5456617578720402
26489,0.1000276964994905,0.30579447012507244,0.5941778333754373
26490,0.13007132043909891,0.2638588395591061,0.6060698400017951
26491,0.11536836521810555,0.2841447325065538,0.6004869022753406
26492,0.12554026731050913,0.2804719730215703,0.5939877596679206
26493,0.1967615467708219,0.3229604752191173,0.48027797801006117
26494,0.1379494625742645,0.1982251529685224,0.663825384457213
26495,0.07881227539704388,0.14711759681887712,0.7740701277840788
26496,0.16785259151602197,0.23034151592243213,0.6018058925615462
26497,0.08470600791358886,0.5866668965044886,0.3286270955819226
26498,0.15487488691037724,0.3362366224192915,0.508888490670331
26499,0.0940397553748908,0.21026436864265205,0.6956958759824569
26500,0.13599995911803453,0.34643579105208977,0.5175642498298757
26501,0.1557711690907855,0.23195841357063707,0.6122704173385775
26502,0.17327185556599287,0.2038737102852789,0.6228544341487281
26503,0.16011861628135857,0.2951141643574669,0.5447672193611744
26504,0.0988471344899772,0.27992426550131705,0.6212286000087056
26505,0.13356275589839386,0.18694884709062634,0.6794883970109798
26506,0.09439353257994265,0.2560837906248939,0.6495226767951634
26507,0.08512059072989406,0.2382216842758871,0.6766577249942186
26508,0.12271318332217232,0.2331726653872333,0.6441141512905944
26509,0.13398822185850862,0.1517319881606818,0.7142797899808093
26510,0.1160915486431785,0.22960046089625682,0.6543079904605646
26511,0.11246736096463261,0.193758685242402,0.6937739537929655
26512,0.12220962636233323,0.32948677663630266,0.5483035970013639
26513,0.1122465315161045,0.2869630788478686,0.6007903896360266
26514,0.13044605440254226,0.21967218903674868,0.6498817565607088
26515,0.25217637487842226,0.14525357385332927,0.6025700512682485
26516,0.1000276964994905,0.30579447012507244,0.5941778333754373
26517,0.1408914048694842,0.23520648597834032,0.6239021091521756
26518,0.10985334161065312,0.25076473147162465,0.6393819269177221
26519,0.1174224529478392,0.2910578984351117,0.5915196486170489
26520,0.0715063700446617,0.5142205889563197,0.4142730409990185
26521,0.0884401624982254,0.29650287609805365,0.615056961403721
26522,0.08186389249525332,0.16528082142995962,0.7528552860747868
26523,0.10111294712064785,0.3088129617228559,0.5900740911564963
26524,0.15210431957712733,0.39783958691792715,0.4500560935049455
26525,0.13493519300391635,0.20633418797480627,0.6587306190212773
26526,0.08363018403592515,0.18889739615387632,0.7274724198101987
26527,0.126468910253898,0.2585386338280625,0.6149924559180395
26528,0.1182952640233802,0.3711813191780645,0.5105234167985553
26529,0.06741840069571073,0.17048401348950207,0.7620975858147871
26530,0.10386796213346555,0.26539663899249283,0.6307353988740416
26531,0.10677768202749598,0.11544964044739996,0.7777726775251039
26532,0.10802045810141683,0.21213974900249583,0.6798397928960871
26533,0.11846554203913545,0.19564086330182434,0.6858935946590405
26534,0.06651955858094852,0.17513943660091555,0.758341004818136
26535,0.09286928007701073,0.1765870645626938,0.7305436553602953
26536,0.1401516879520167,0.1694933429494292,0.6903549690985539
26537,0.10513135370105793,0.19782351933639208,0.6970451269625503
26538,0.09929742168249249,0.3292264579060303,0.5714761204114769
26539,0.10872484330162502,0.24027841618782997,0.6509967405105448
26540,0.14789632381231752,0.34282753121801945,0.5092761449696631
26541,0.09192609929230271,0.1858824744522187,0.7221914262554786
26542,0.1359945258365698,0.25984266279896123,0.604162811364469
26543,0.15896011910089952,0.15273369317195293,0.6883061877271472
26544,0.11629651876353327,0.18908696767182168,0.694616513564645
26545,0.11432531248239358,0.33111066397076805,0.5545640235468386
26546,0.07901076881620535,0.28479642689365064,0.6361928042901437
26547,0.07909297340431846,0.140387780626079,0.7805192459696024
26548,0.14484485920329268,0.20513265727822616,0.6500224835184811
26549,0.09067837606535081,0.30429162626240663,0.6050299976722424
26550,0.11361212543378897,0.21117631812209273,0.6752115564441183
26551,0.05506780808632062,0.2089091209353558,0.7360230709783234
26552,0.08255914685399977,0.23956977056840625,0.6778710825775935
26553,0.1447877718667694,0.23451696877368444,0.6206952593595463
26554,0.10843034866571222,0.21274728388499503,0.6788223674492926
26555,0.10873333294033975,0.21210742677598457,0.6791592402836757
26556,0.06715254390303309,0.3439151934382898,0.5889322626586768
26557,0.10952935999809636,0.159325415311807,0.7311452246900969
26558,0.26267236501355096,0.14486844498105322,0.5924591900053959
26559,0.19367315788166573,0.19081661485011325,0.615510227268221
26560,0.1391778613106694,0.2730041305565159,0.5878180081328146
26561,0.16802198326141252,0.2727634819195457,0.5592145348190417
26562,0.15820449255522737,0.19049278372193024,0.6513027237228423
26563,0.11755325911591712,0.1731959530495848,0.7092507878344976
26564,0.08788180864147678,0.1536303295516294,0.7584878618068942
26565,0.06552127392281933,0.4353957819079487,0.49908294416923205
26566,0.15365627675652552,0.2539574799599552,0.5923862432835193
26567,0.09216388925070707,0.17522585398863416,0.7326102567606587
26568,0.1272275121714915,0.15429217683612131,0.7184803109923869
26569,0.07246928628449474,0.188724502332988,0.7388062113825171
26570,0.11801485141929689,0.2649860525961638,0.6169990959845392
26571,0.09029329866026718,0.16762615053007998,0.742080550809653
26572,0.08582076561901285,0.2170328741000762,0.6971463602809108
26573,0.1108958285654063,0.20575205567208765,0.683352115762506
26574,0.1335537617755873,0.16436585371548917,0.7020803845089234
26575,0.1468745053355296,0.19995917596083335,0.653166318703637
26576,0.10175621514031268,0.17015339454448583,0.7280903903152016
26577,0.1221524981747536,0.1892227120403016,0.6886247897849447
26578,0.22371109434188302,0.18505598883774774,0.5912329168203692
26579,0.10609909554786029,0.29677227791375055,0.5971286265383892
26580,0.07391100594889806,0.19755733549016413,0.7285316585609375
26581,0.09754993933484805,0.18113436038089575,0.7213157002842563
26582,0.09752587460658918,0.15362466624143997,0.7488494591519708
26583,0.10603601870359772,0.1618219050478093,0.7321420762485925
26584,0.10222522595472235,0.25897897004331044,0.6387958040019671
26585,0.1148402887107355,0.3034005090176312,0.581759202271633
26586,0.2456562712594393,0.28229475517344577,0.47204897356711484
26587,0.23214077864473687,0.2924068837177586,0.4754523376375042
26588,0.10008200410096149,0.1637223247810353,0.7361956711180037
26589,0.10004633049694492,0.22199446385097288,0.6779592056520822
26590,0.16263647003609022,0.33554568373195237,0.5018178462319576
26591,0.09888830192173109,0.17479557430951587,0.726316123768753
26592,0.09494077837739277,0.22948734861159248,0.6755718730110146
26593,0.15945555877151543,0.27934709328733326,0.5611973479411513
26594,0.19673726507712644,0.26773456095806664,0.535528173964807
26595,0.06709998807490185,0.15945330364793564,0.7734467082771627
26596,0.0941672104065657,0.1713013651083193,0.734531424485115
26597,0.1282254712208609,0.35502283842444926,0.5167516903546896
26598,0.1448863823483091,0.185998922658027,0.6691146949936639
26599,0.11981756153088804,0.19735688274337612,0.6828255557257357
26600,0.11053603730071304,0.1644303261797724,0.7250336365195147
26601,0.09039669490100509,0.24863008909721906,0.6609732160017754
26602,0.09522751016690431,0.29898060634184187,0.6057918834912533
26603,0.17643003291709536,0.2475035831666799,0.5760663839162249
26604,0.1457791760506529,0.23660686087749094,0.6176139630718563
26605,0.0995156233233179,0.19679735510575436,0.7036870215709274
26606,0.1308918698180005,0.27231745095155363,0.5967906792304457
26607,0.08875310379553975,0.20434953644892237,0.706897359755538
26608,0.0839781475765446,0.25984531156136575,0.6561765408620894
26609,0.08384309595094437,0.18326230356940065,0.732894600479655
26610,0.14760531983441483,0.21646297366289172,0.6359317065026933
26611,0.14065943471885473,0.20334861504818466,0.6559919502329608
26612,0.09665445501801555,0.3270162721189229,0.5763292728630612
26613,0.14084781096210736,0.2189721859535084,0.6401800030843845
26614,0.14867368242428003,0.14765545322814,0.70367086434758
26615,0.09743560082392298,0.22280937656439329,0.6797550226116836
26616,0.1190148420984232,0.13831813810845153,0.7426670197931248
26617,0.14862117293635962,0.15051198219041573,0.7008668448732245
26618,0.14715973001801477,0.24381731386803795,0.6090229561139472
26619,0.1334883741524512,0.3180220566974577,0.5484895691500912
26620,0.10175234339990272,0.22385505286156263,0.6743926037385344
26621,0.06163018531596105,0.18192203262402806,0.756447782060011
26622,0.08612685894011397,0.23885287140219438,0.6750202696576914
26623,0.10310317956937542,0.38825872480791757,0.508638095622707
26624,0.08538776967796503,0.2329936720454458,0.681618558276589
26625,0.18580026694134322,0.24884985592991865,0.5653498771287382
26626,0.21266574979058592,0.20882139023821822,0.5785128599711958
26627,0.1058708679792031,0.2544988715896103,0.6396302604311865
26628,0.08141272036680851,0.21860482766764805,0.6999824519655435
26629,0.09364393552718121,0.21242681274876818,0.6939292517240508
26630,0.09675636188710125,0.2725770877095947,0.630666550403304
26631,0.13710107539257466,0.15534078115156333,0.7075581434558619
26632,0.22219801132751293,0.18921658250809412,0.5885854061643929
26633,0.10441804844034545,0.1886931063529106,0.7068888452067438
26634,0.08826661930578171,0.15695145551008713,0.7547819251841308
26635,0.1353827981464136,0.3085846384350906,0.5560325634184958
26636,0.0996301464374116,0.29127447528701694,0.6090953782755715
26637,0.0533679876656434,0.12955496564893867,0.8170770466854175
26638,0.11771986483675052,0.4712036113861664,0.4110765237770829
26639,0.14451279005687145,0.30427765206817925,0.5512095578749493
26640,0.20325376267245357,0.22854885211579415,0.568197385211752
26641,0.20206951019945862,0.3637988757675237,0.4341316140330174
26642,0.10601319987138089,0.17239166024471408,0.7215951398839047
26643,0.12482284912732741,0.24344758519291165,0.6317295656797609
26644,0.07292895430922354,0.21004327274023218,0.7170277729505443
26645,0.10843034866571222,0.21274728388499503,0.6788223674492926
26646,0.3171605824988082,0.18626524762295418,0.49657416987823766
26647,0.1676701734701044,0.24290705935606588,0.5894227671738298
26648,0.15401362856349624,0.32601489228145936,0.5199714791550443
26649,0.07739800729786549,0.15926774996270587,0.7633342427394288
26650,0.13477197628535895,0.20933492421632013,0.6558930994983208
26651,0.08206066386245649,0.19554837182378762,0.7223909643137556
26652,0.11308700629599638,0.14768510507383661,0.7392278886301668
26653,0.2390696527641715,0.2083158441322253,0.552614503103603
26654,0.13110972249563513,0.3506215645858166,0.5182687129185483
26655,0.09884750000729586,0.39873913049321247,0.5024133694994919
26656,0.16966209268912766,0.1928424746220611,0.6374954326888109
26657,0.12902197559557482,0.24765857262289118,0.6233194517815341
26658,0.10704278204054697,0.20026902477553674,0.6926881931839164
26659,0.12219840657706514,0.2621275388855955,0.6156740545373394
26660,0.10028500170138663,0.26277525208140523,0.6369397462172082
26661,0.20113471715288703,0.3046441547427255,0.49422112810438734
26662,0.08504354033365404,0.31832684480033574,0.59662961486601
26663,0.08288326414541011,0.1694947619694477,0.7476219738851424
26664,0.15876403149305784,0.16348370975154466,0.6777522587553971
26665,0.14227710719239417,0.24211585261028215,0.6156070401973236
26666,0.141347103956669,0.2438168502992844,0.6148360457440466
26667,0.09779464445544866,0.18698671888776106,0.71521863665679
26668,0.0850968600457985,0.24225307322970366,0.6726500667244977
26669,0.11816982846330483,0.3095331973557642,0.5722969741809311
26670,0.14102640902968944,0.17183478714319836,0.6871388038271126
26671,0.09320632609962808,0.20630481177492999,0.700488862125442
26672,0.11439825885125848,0.23832449073196973,0.6472772504167719
26673,0.20573308647634722,0.2011465194815668,0.5931203940420857
26674,0.22855297696856663,0.15377320739007103,0.6176738156413623
26675,0.09539445953926631,0.26195237137465777,0.6426531690860756
26676,0.07187094910866079,0.1851686695585907,0.7429603813327484
26677,0.07779660582689994,0.15580460614252695,0.7663987880305733
26678,0.12359992715312641,0.2271372341780048,0.6492628386688685
26679,0.12743203276848647,0.22531495693615894,0.6472530102953545
26680,0.08135514052602083,0.2394467337412283,0.679198125732751
26681,0.10912620399690656,0.16673150336911519,0.7241422926339781
26682,0.10193975683406067,0.16379277397607578,0.7342674691898633
26683,0.06715254390303309,0.3439151934382898,0.5889322626586768
26684,0.06714096600565148,0.1648173666086171,0.7680416673857312
26685,0.09281257411793506,0.2724115178084865,0.6347759080735784
26686,0.08742434796375359,0.22017396038254664,0.6924016916537
26687,0.1120227613592941,0.22741696888719162,0.6605602697535141
26688,0.14832576553064625,0.3614871798654814,0.490187054603872
26689,0.09307701721156227,0.20939869231333172,0.6975242904751058
26690,0.09015228337068415,0.21280464909219168,0.697043067537124
26691,0.1270426932025842,0.35322389024949513,0.5197334165479208
26692,0.05176659174654973,0.374668001241896,0.5735654070115541
26693,0.11290418815351509,0.2216706710688872,0.6654251407775977
26694,0.20325376267245357,0.22854885211579415,0.568197385211752
26695,0.10946228242790687,0.1851413373212885,0.7053963802508043
26696,0.11460591366255217,0.21770637985466335,0.6676877064827843
26697,0.1004384917645469,0.19566082261461684,0.7039006856208363
26698,0.14719615181784917,0.18646367960035054,0.6663401685818005
26699,0.12531683986611378,0.27237700293612876,0.6023061571977573
26700,0.07890445304224727,0.2100137447409235,0.7110818022168293
26701,0.08361384658986823,0.20102103166332772,0.715365121746804
26702,0.1297239039358847,0.20719373333641614,0.6630823627276989
26703,0.10773189121542495,0.360532447988747,0.5317356607958277
26704,0.07964350734016669,0.25474004642984915,0.6656164462299846
26705,0.11457071075584606,0.16514801537704749,0.7202812738671063
26706,0.08555793924553189,0.2084140510367731,0.7060280097176945
26707,0.16563001423844395,0.2423573378044785,0.5920126479570775
26708,0.12009157148034047,0.366704107381946,0.5132043211377134
26709,0.09364393552718121,0.21242681274876818,0.6939292517240508
26710,0.10993902645197356,0.21400420845160031,0.6760567650964259
26711,0.14180828248139876,0.2353292902605903,0.6228624272580108
26712,0.10221029723439794,0.27108396784062877,0.626705734924973
26713,0.18460457939227123,0.2053234573042451,0.6100719633034835
26714,0.16356082802823238,0.2892543445933433,0.5471848273784243
26715,0.09565766277534228,0.2213120330772185,0.6830303041474387
26716,0.13783475485633825,0.3017543113075449,0.5604109338361168
26717,0.06686796168920693,0.2419634184295011,0.6911686198812919
26718,0.10578011670274735,0.18815360612236173,0.7060662771748905
26719,0.12511694906170645,0.30388645100831646,0.5709965999299768
26720,0.06193205961997142,0.26926193735887416,0.6688060030211542
26721,0.08542454290420144,0.2391422504147567,0.6754332066810417
26722,0.10104518718758165,0.17973603262729818,0.7192187801851201
26723,0.13488164703102834,0.18532105687197714,0.6797972960969945
26724,0.10850068560639091,0.3395072270421338,0.5519920873514752
26725,0.08731450797441488,0.370630266951276,0.5420552250743094
26726,0.17109996743792866,0.2575831216334342,0.5713169109286372
26727,0.10107142289778887,0.15143777838937467,0.7474907987128365
26728,0.09664155643180784,0.20705458779907104,0.696303855769121
26729,0.14116691687367947,0.13313271370620547,0.725700369420115
26730,0.06854821946208063,0.4091587658094542,0.5222930147284652
26731,0.12040580009955909,0.16460641191539288,0.7149877879850477
26732,0.14682765719799173,0.23545859372196976,0.6177137490800382
26733,0.10434045883258852,0.1704772828973888,0.7251822582700224
26734,0.09916600657521187,0.2159341561413179,0.6848998372834698
26735,0.06655282882594787,0.26591114412847827,0.6675360270455738
26736,0.13336797227228492,0.1748751335655868,0.6917568941621282
26737,0.12682775129090426,0.29958231226353027,0.5735899364455654
26738,0.07460129814092788,0.17595915336839418,0.7494395484906776
26739,0.18323237430422296,0.1387673337312613,0.6780002919645156
26740,0.0749171574157272,0.16064695614808489,0.7644358864361878
26741,0.09907094301397898,0.18057886720618668,0.7203501897798341
26742,0.1050179418349567,0.28330701990413787,0.6116750382609052
26743,0.13932623616528766,0.20626729985655282,0.6544064639781595
26744,0.12864797649879114,0.23563680980540455,0.6357152136958042
26745,0.09329015409897372,0.20891969680262412,0.6977901490984019
26746,0.1376181124375435,0.23048965845275657,0.6318922291097
26747,0.14651261732921847,0.28830897778640585,0.5651784048843753
26748,0.15652615521618082,0.32268563272305584,0.5207882120607631
26749,0.10008200410096149,0.1637223247810353,0.7361956711180037
26750,0.07326691139561746,0.18257168976764107,0.7441613988367415
26751,0.12600026460000227,0.2826832012172449,0.5913165341827527
26752,0.0838822974365076,0.38100523445563966,0.5351124681078526
26753,0.10628794441065909,0.21697034292093836,0.6767417126684027
26754,0.07688162143176756,0.10178859384352489,0.8213297847247074
26755,0.09110979629465028,0.2512805786633417,0.657609625042008
26756,0.14589440569334167,0.17429069226412142,0.6798149020425366
26757,0.11555263791961363,0.26612134524211134,0.6183260168382748
26758,0.07639497103950245,0.2902985801550492,0.6333064488054482
26759,0.08754666605577675,0.2799247306307617,0.6325286033134612
26760,0.09781521724835888,0.3033479043864455,0.5988368783651955
26761,0.09406961161207582,0.16236639365425382,0.7435639947336702
26762,0.09678066968058047,0.25766899364199697,0.6455503366774225
26763,0.11268595852548408,0.23850473030402466,0.6488093111704913
26764,0.11839360314821905,0.24279368353273567,0.638812713319045
26765,0.12891102691317158,0.2000622980756191,0.6710266750112095
26766,0.11385985546157101,0.3867942321773901,0.4993459123610389
26767,0.13081286178021956,0.2375450247068397,0.6316421135129405
26768,0.08673593213593149,0.2793904653492951,0.6338736025147734
26769,0.08556306686946298,0.39048407770896004,0.5239528554215769
26770,0.1712424389554333,0.267890059891532,0.5608675011530346
26771,0.11416635082665069,0.23628896158573265,0.6495446875876165
26772,0.28002801959406287,0.1879597571819633,0.5320122232239737
26773,0.12908027816251635,0.19565832159598684,0.6752614002414965
26774,0.11396192851803759,0.21369728962307452,0.6723407818588876
26775,0.12442681445483322,0.35257249512945066,0.5230006904157163
26776,0.11446493504447273,0.14032382427263845,0.745211240682889
26777,0.11155161724672491,0.13967125720851628,0.7487771255447586
26778,0.08863125698997805,0.16447242850063928,0.7468963145093823
26779,0.11536836521810555,0.2841447325065538,0.6004869022753406
26780,0.06784163443670063,0.26088681031173094,0.6712715552515681
26781,0.07169092962184438,0.16363323804007274,0.7646758323380825
26782,0.07644473054726467,0.1611205085733267,0.7624347608794088
26783,0.16418645832041992,0.2613046385414931,0.5745089031380872
26784,0.12708553878430548,0.2819927220513998,0.5909217391642948
26785,0.10008200410096149,0.1637223247810353,0.7361956711180037
26786,0.18580338201546998,0.18413359864975704,0.6300630193347734
26787,0.08569780651973344,0.12965811620165657,0.7846440772786094
26788,0.24837468722401923,0.15168602956863797,0.5999392832073428
26789,0.12161644717584023,0.34295980662411774,0.5354237462000421
26790,0.09808244161266887,0.23759366845658278,0.6643238899307481
26791,0.08783991348170934,0.1606252754534629,0.7515348110648277
26792,0.07925866905159507,0.19934605358663446,0.7213952773617704
26793,0.05506780808632062,0.2089091209353558,0.7360230709783234
26794,0.09065024396446708,0.2401417760547511,0.6692079799807819
26795,0.0968246718323954,0.2397126418040961,0.6634626863635085
26796,0.1089675950935224,0.30654931327208845,0.5844830916343892
26797,0.11647778474450216,0.3162166279888549,0.5673055872666429
26798,0.1930654517095563,0.17411088004040345,0.63282366825004
26799,0.11074687072636846,0.21684888938835173,0.6724042398852795
26800,0.08396378249525961,0.4219270177885057,0.49410919971623457
26801,0.0850968600457985,0.24225307322970366,0.6726500667244977
26802,0.07789318388289027,0.17026769475681747,0.7518391213602921
26803,0.10947908876735238,0.24433556676279525,0.6461853444698522
26804,0.08245058027144053,0.26576650176526817,0.6517829179632915
26805,0.09665934073949499,0.23032557658530084,0.6730150826752036
26806,0.11284322726036815,0.2527706883043617,0.63438608443527
26807,0.10260283666182803,0.1762591031427645,0.7211380601954073
26808,0.07213594398129988,0.2925520783943247,0.6353119776243755
26809,0.08640082588548699,0.1869732050690154,0.7266259690454976
26810,0.08504354033365404,0.31832684480033574,0.59662961486601
26811,0.07897283934314261,0.2024707593850045,0.7185564012718527
26812,0.10025732197036956,0.16721835782223504,0.7325243202073952
26813,0.16089075506759282,0.24672797656828652,0.5923812683641202
26814,0.15650165081554918,0.1916197225311906,0.6518786266532599
26815,0.09121281403766286,0.2534260850678699,0.655361100894467
26816,0.07000035193452082,0.23053742625979193,0.699462221805687
26817,0.09543705199858916,0.14077766011187196,0.7637852878895386
26818,0.10778021794722893,0.23959899910479743,0.6526207829479739
26819,0.09387927118384995,0.2438591529728415,0.6622615758433084
26820,0.08229850687849481,0.2260701805331763,0.6916313125883289
26821,0.12117435520234998,0.31613343769781266,0.5626922070998375
26822,0.12648873296694577,0.21455429429263817,0.6589569727404164
26823,0.0951052583964515,0.17775122583365274,0.7271435157698956
26824,0.1173419895091334,0.19842989776679074,0.6842281127240759
26825,0.11063534120742165,0.19801925129473724,0.6913454074978408
26826,0.09474203176973482,0.2588011965679335,0.6464567716623317
26827,0.09086812393811043,0.19541585480364415,0.7137160212582456
26828,0.10870481771687865,0.23315400592693072,0.6581411763561905
26829,0.056260280916039004,0.14638608239298803,0.7973536366909728
26830,0.10710567657820526,0.21421097163433342,0.6786833517874612
26831,0.1802484462576796,0.17599254769848524,0.6437590060438352
26832,0.09032862445717317,0.2051837878282847,0.7044875877145421
26833,0.10093101449536226,0.2241398635893458,0.6749291219152919
26834,0.09498300643641634,0.29152212979876446,0.6134948637648189
26835,0.22348488232453095,0.20066559370167888,0.5758495239737901
26836,0.1258114577926369,0.1744385209671656,0.6997500212401973
26837,0.12101017300564611,0.1333521869082773,0.7456376400860764
26838,0.14910956107832474,0.11566013868521129,0.735230300236464
26839,0.3698014298890627,0.1553834789936671,0.47481509111726994
26840,0.1698971737052093,0.20290782149974848,0.6271950047950422
26841,0.06782787824791729,0.19409691543539004,0.7380752063166927
26842,0.06767722935770631,0.2998483855547192,0.6324743850875745
26843,0.08509489977896255,0.17288795820605288,0.7420171420149846
26844,0.10208769269997166,0.3316579548349119,0.5662543524651165
26845,0.2560399231969924,0.13924892660951685,0.6047111501934908
26846,0.10843034866571222,0.21274728388499503,0.6788223674492926
26847,0.13966095154109243,0.22680390078139998,0.6335351476775074
26848,0.15371867680245144,0.16313869736468128,0.6831426258328674
26849,0.17159734869944215,0.26061753680616406,0.5677851144943935
26850,0.10166270336069091,0.27673082275115574,0.6216064738881532
26851,0.14066561730100088,0.1849982920594579,0.674336090639541
26852,0.20310585800645506,0.29015502259268006,0.5067391194008646
26853,0.08975840735423385,0.17095464841278893,0.7392869442329771
26854,0.11366987577081714,0.46880456482244814,0.4175255594067346
26855,0.13351506277513464,0.30267042565707614,0.5638145115677894
26856,0.09819860814183931,0.21482039569012698,0.6869809961680338
26857,0.12076443421514112,0.24218165062817906,0.6370539151566795
26858,0.10413491552420735,0.45510584553224986,0.44075923894354285
26859,0.11661640362044107,0.28661956902219193,0.5967640273573669
26860,0.09189783683483921,0.30408248608314037,0.6040196770820205
26861,0.09340183642017044,0.14353235510879173,0.7630658084710379
26862,0.1663139834306462,0.220537770628635,0.6131482459407185
26863,0.07845959459167444,0.23167531243089046,0.6898650929774353
26864,0.09398652442428597,0.35500234085391263,0.5510111347218011
26865,0.08586402984902279,0.24808954710331574,0.6660464230476615
26866,0.08977222328331244,0.24289279288313673,0.6673349838335509
26867,0.10702095713592755,0.20531258328610288,0.6876664595779698
26868,0.1347076774802629,0.22048228535788816,0.6448100371618487
26869,0.07945400998262211,0.09936348870825991,0.8211825013091175
26870,0.08595087535579768,0.38266382074521027,0.531385303898992
26871,0.10900719898516535,0.2113460414608771,0.6796467595539574
26872,0.08714279346911573,0.24596428419510738,0.6668929223357768
26873,0.10891391847165405,0.27498052711856735,0.6161055544097785
26874,0.10199848027076622,0.23685859670854925,0.6611429230206847
26875,0.06904251588549248,0.12017852538337587,0.8107789587311315
26876,0.10432759129356058,0.3121295649073228,0.5835428437991163
26877,0.0903204828452921,0.21081311415378526,0.6988664030009223
26878,0.1198673641365221,0.27995065484162146,0.6001819810218563
26879,0.09324723094719008,0.27225264181375375,0.6345001272390562
26880,0.15342454652014278,0.14777907240135207,0.6987963810785048
26881,0.08141272036680851,0.21860482766764805,0.6999824519655435
26882,0.25618666297630577,0.23488294316168912,0.508930393862005
26883,0.0734739726211841,0.24883792029149046,0.6776881070873252
26884,0.07826792127034887,0.2840418816131314,0.6376901971165198
26885,0.11190100935741175,0.19050961418613332,0.6975893764564549
26886,0.12041766057179557,0.22053066061061283,0.6590516788175917
26887,0.11738177148790474,0.22071020189093907,0.661908026621156
26888,0.08603222257193373,0.26387477796514486,0.6500929994629214
26889,0.07359194562193958,0.18894544908123012,0.7374626052968299
26890,0.10028500170138663,0.26277525208140523,0.6369397462172082
26891,0.12795418768976233,0.4092647406142539,0.46278107169598387
26892,0.1975714042910975,0.27357534830634483,0.5288532474025576
26893,0.17958550579018653,0.22770911454568174,0.5927053796641321
26894,0.16047365532180236,0.2485384760494809,0.5909878686287168
26895,0.11541665419289238,0.2212872528857365,0.6632960929213709
26896,0.11126425808345458,0.3284107109482565,0.5603250309682888
26897,0.12437842338015477,0.1866577308813219,0.6889638457385232
26898,0.10479851648102023,0.15422251188153646,0.7409789716374431
26899,0.12472372436405418,0.19924957507283853,0.6760267005631078
26900,0.10899054667721578,0.15742472554767567,0.7335847277751084
26901,0.08975477119241672,0.3499283484399946,0.560316880367589
26902,0.1259915019636644,0.16338476118267237,0.7106237368536632
26903,0.13384507871527643,0.26648956356842357,0.5996653577163
26904,0.22009683336852756,0.1732606389936233,0.606642527637849
26905,0.11382348236318249,0.19831659553124775,0.6878599221055698
26906,0.08580896047541887,0.18898812808460344,0.7252029114399775
26907,0.12198294533474385,0.22605091646466527,0.651966138200591
26908,0.11910980863020548,0.4288869506532654,0.4520032407165293
26909,0.0911016291971579,0.30328800206930934,0.6056103687335327
26910,0.1158276486682589,0.28083699220849756,0.6033353591232432
26911,0.13009613750794136,0.23756985782106863,0.6323340046709898
26912,0.0924239789055784,0.1870321769825867,0.7205438441118349
26913,0.25876784320087076,0.21852532247299564,0.5227068343261339
26914,0.11361212543378897,0.21117631812209273,0.6752115564441183
26915,0.0980086753988308,0.21282179027365444,0.6891695343275146
26916,0.05971223428799261,0.4120494447871635,0.5282383209248438
26917,0.06823918934901868,0.17288607105645254,0.758874739594529
26918,0.139882102609333,0.25184889540358213,0.6082690019870847
26919,0.41813847207253757,0.19166913081817047,0.3901923971092918
26920,0.1150067493103876,0.2882416409814384,0.5967516097081742
26921,0.09334481073780612,0.37533711245307705,0.5313180768091169
26922,0.09321098952291543,0.34599853035649164,0.5607904801205926
26923,0.1040333701253903,0.22558874948514693,0.670377880389463
26924,0.1642190959895883,0.26201304682452675,0.573767857185885
26925,0.10386285965201923,0.16108860501966776,0.7350485353283132
26926,0.11656593785020178,0.24836144903972757,0.6350726131100706
26927,0.1408288492921412,0.2556644932430602,0.6035066574647986
26928,0.09767418110430723,0.33450342974135905,0.5678223891543337
26929,0.1254709666855388,0.18175908490534226,0.692769948409119
26930,0.12405784915278582,0.32456356706418843,0.5513785837830256
26931,0.09282343290794488,0.2997440342045021,0.6074325328875533
26932,0.09972670757656936,0.30020828266087013,0.6000650097625604
26933,0.18773786080037932,0.23680769008946956,0.575454449110151
26934,0.09009276877390121,0.2358694065017676,0.674037824724331
26935,0.08541987503730854,0.1442134239162367,0.7703667010464548
26936,0.0724040423393115,0.13935248082580282,0.7882434768348855
26937,0.11654139788381833,0.2389505870695799,0.6445080150466016
26938,0.11492231335660943,0.17693726715231686,0.7081404194910733
26939,0.17959407950012918,0.23940599863566311,0.5809999218642076
26940,0.1125888249841039,0.19167400217094258,0.6957371728449533
26941,0.13274295894548,0.2313354724335431,0.6359215686209773
26942,0.14086066641472603,0.4060251738662944,0.4531141597189798
26943,0.10177398980327372,0.2553288999982579,0.6428971101984683
26944,0.11180975002820985,0.2182790384586782,0.669911211513112
26945,0.16384790037619554,0.3449777272341808,0.49117437238962375
26946,0.1588739888622246,0.2285015527719765,0.6126244583657988
26947,0.12454036746346812,0.2793572562018468,0.596102376334685
26948,0.10765950146928756,0.2642866126947293,0.628053885835983
26949,0.09479249377680504,0.18409957987760303,0.7211079263455918
26950,0.1032276087543869,0.14398104661634256,0.7527913446292703
26951,0.19915894573641615,0.2981206328362063,0.5027204214273775
26952,0.10916417124401477,0.2703830235455633,0.6204528052104218
26953,0.17207422616947113,0.1461129218408353,0.6818128519896938
26954,0.0788221103368005,0.24784592271115335,0.6733319669520462
26955,0.11306421859929698,0.4324485960003905,0.45448718540031235
26956,0.16280833716542742,0.26500450292496674,0.5721871599096057
26957,0.1727916644529178,0.1804820616758592,0.6467262738712231
26958,0.16073740406162412,0.28970623682538427,0.5495563591129917
26959,0.07319449218647772,0.20146107436935143,0.7253444334441711
26960,0.10891391847165405,0.27498052711856735,0.6161055544097785
26961,0.10318067942251614,0.2689046908359744,0.6279146297415095
26962,0.09576367062756308,0.31282097466637115,0.5914153547060657
26963,0.11290418815351509,0.2216706710688872,0.6654251407775977
26964,0.16161402095351246,0.3618484404749303,0.47653753857155723
26965,0.12168984227516265,0.3436403907654187,0.5346697669594189
26966,0.11126425808345458,0.3284107109482565,0.5603250309682888
26967,0.0819810841598738,0.19364242417144886,0.7243764916686771
26968,0.09968086796352817,0.28013727298426117,0.6201818590522106
26969,0.07891125639144181,0.17012010140862613,0.7509686421999316
26970,0.1632848168594881,0.18190693538484434,0.6548082477556675
26971,0.08681108944698358,0.21753275919870482,0.6956561513543116
26972,0.10611862527210926,0.2413248297426072,0.6525565449852836
26973,0.10344261323704775,0.1739082842654992,0.7226491024974527
26974,0.12039019125572371,0.20781416389306645,0.6717956448512095
26975,0.06903557390434091,0.1044933846546684,0.8264710414409905
26976,0.1304276108620042,0.2516899485480693,0.6178824405899266
26977,0.12033186906861669,0.2057005379149093,0.6739675930164735
26978,0.11492231335660943,0.17693726715231686,0.7081404194910733
26979,0.09775142758207307,0.20210672166299903,0.7001418507549277
26980,0.06720332840322113,0.244085029024889,0.6887116425718895
26981,0.08812892806714326,0.3215692259792155,0.5903018459536414
26982,0.1099432906766643,0.19264243714121293,0.6974142721821227
26983,0.10555206865503608,0.23805980759943424,0.6563881237455296
26984,0.08586402984902279,0.24808954710331574,0.6660464230476615
26985,0.1693040978074273,0.22735885582533716,0.6033370463672355
26986,0.06847456723789375,0.1521956091795003,0.7793298235826057
26987,0.14267964220228438,0.21610560131418516,0.6412147564835305
26988,0.1961373287921542,0.25087716167372565,0.55298550953412
26989,0.09888973994516613,0.3252797811237428,0.5758304789310909
26990,0.07651016509059765,0.19512077715477505,0.728369057754627
26991,0.10025405499495467,0.16008847428587952,0.7396574707191661
26992,0.09272030431101592,0.2612604476147483,0.6460192480742357
26993,0.07550270203920366,0.20505207409462817,0.7194452238661683
26994,0.1369858385829708,0.218384282411781,0.6446298790052483
26995,0.15817550246316003,0.2877534656170363,0.5540710319198038
26996,0.11835790163766535,0.20059528913483363,0.6810468092275009
26997,0.24371312812327905,0.43989685924812943,0.31639001262859145
26998,0.25858979419269107,0.17110229927612824,0.5703079065311805
26999,0.2092164904565115,0.29252633985467386,0.4982571696888148
27000,0.07657409513563446,0.3196337547732391,0.6037921500911261
27001,0.09583367731381394,0.27091514425834307,0.6332511784278426
27002,0.06775222476069531,0.1974655551822343,0.7347822200570701
27003,0.14235514455953452,0.1512086392087583,0.7064362162317066
27004,0.19638154588740686,0.24602093327052818,0.5575975208420649
27005,0.11938891840438981,0.3148096551617502,0.5658014264338597
27006,0.07390725943285968,0.1266099017376291,0.799482838829511
27007,0.13158441168013943,0.2747528825476089,0.5936627057722516
27008,0.13553894814989786,0.20252572576252867,0.6619353260875736
27009,0.15355835191867526,0.25613888180187105,0.5903027662794539
27010,0.09576674146660977,0.264745186969023,0.6394880715643673
27011,0.1609978519123409,0.33044048531365744,0.5085616627740017
27012,0.11275961055094358,0.17328573983426296,0.7139546496147934
27013,0.19900444244797694,0.19663923112451417,0.6043563264275086
27014,0.16881682394026515,0.3148278304868578,0.5163553455728767
27015,0.10027815378951813,0.38506964021441964,0.5146522059960622
27016,0.10296220723586957,0.2060731858020658,0.6909646069620642
27017,0.12932398625579095,0.20877372191924579,0.661902291824963
27018,0.11917200135681658,0.20403143119742068,0.6767965674457629
27019,0.10004874455513772,0.27042487011978916,0.629526385325073
27020,0.06743931725907369,0.3355218671756161,0.5970388155653099
27021,0.08990948655954019,0.43057943432551254,0.4795110791149474
27022,0.10754110119700727,0.20770282372912108,0.6847560750738715
27023,0.12193106637756226,0.20978145061369993,0.6682874830087374
27024,0.1528707026629029,0.33703388187041466,0.5100954154666825
27025,0.15566592073465105,0.17420208193489903,0.6701319973304497
27026,0.09030940443914977,0.1940741868932774,0.7156164086675727
27027,0.07956389662718051,0.13514220469500285,0.7852938986778164
27028,0.22219801132751293,0.18921658250809412,0.5885854061643929
27029,0.08973462921067789,0.21228709275989158,0.6979782780294305
27030,0.17829076129722363,0.4947211309418615,0.32698810776091486
27031,0.2599993813194297,0.34262562155600285,0.39737499712456725
27032,0.24195950139272437,0.14304646450057257,0.614994034106703
27033,0.10266909714810461,0.1389302971798556,0.7584006056720396
27034,0.11697944646751184,0.20497869595071067,0.678041857581777
27035,0.22348488232453095,0.20066559370167888,0.5758495239737901
27036,0.06746660956089345,0.20434811064222408,0.7281852797968827
27037,0.14383784816349018,0.2105569835375816,0.645605168298928
27038,0.10457136736703447,0.1840183003367221,0.7114103322962428
27039,0.17839760880653188,0.19257872490923436,0.6290236662842339
27040,0.11597874707746197,0.16830473023418882,0.7157165226883493
27041,0.0527153635907647,0.15216275025610382,0.7951218861531311
27042,0.23449359680825688,0.16120499884156067,0.6043014043501822
27043,0.1017917001023947,0.19873000184067316,0.6994782980569317
27044,0.09317358806597202,0.21604043397522713,0.6907859779588011
27045,0.11234604924835537,0.20820700300903916,0.6794469477426054
27046,0.07756827361144827,0.16506256360421787,0.7573691627843337
27047,0.1400238116475248,0.2749507454190859,0.5850254429333891
27048,0.07643822980217939,0.3838046945670028,0.5397570756308181
27049,0.0737866304546232,0.3194259268066567,0.6067874427387201
27050,0.11411824630694559,0.171434755023038,0.7144469986700159
27051,0.11314166028971295,0.3424717794448824,0.5443865602654047
27052,0.0887179500129724,0.25479100054015136,0.6564910494468762
27053,0.10145787252502536,0.32638446260648996,0.5721576648684846
27054,0.07085338008149092,0.13078817608288096,0.7983584438356285
27055,0.16000470147134332,0.2839032585730499,0.5560920399556066
27056,0.19859191682258168,0.15526117975299203,0.6461469034244262
27057,0.10457957265401058,0.26583641473193426,0.629584012614055
27058,0.16667166199774577,0.2708940083277433,0.5624343296745109
27059,0.06861712178644037,0.12454210958384604,0.8068407686297134
27060,0.12537620299958754,0.30140981074028655,0.573213986260126
27061,0.1776786707202728,0.25180044404693136,0.5705208852327958
27062,0.08283599875428858,0.169271929870574,0.7478920713751371
27063,0.12086714180805704,0.17132620838070578,0.7078066498112373
27064,0.06324739121196009,0.12809028744371764,0.8086623213443224
27065,0.13107844749075012,0.293213923766928,0.5757076287423217
27066,0.09317980421832706,0.19969771072830592,0.7071224850533667
27067,0.08582076561901285,0.2170328741000762,0.6971463602809108
27068,0.25618666297630577,0.23488294316168912,0.508930393862005
27069,0.06875071694406786,0.2118529751343306,0.7193963079216015
27070,0.09250827235990174,0.15434177189998194,0.7531499557401163
27071,0.11060356023297649,0.10967002628275103,0.7797264134842724
27072,0.09429668211928742,0.3546985125080001,0.5510048053727125
27073,0.15865763754476345,0.22903815315969622,0.6123042092955404
27074,0.13078587969416117,0.3280764608640409,0.5411376594417977
27075,0.21807293538209024,0.3095402087682745,0.4723868558496351
27076,0.14066244961320448,0.20999603140940082,0.6493415189773947
27077,0.08545667071126138,0.2411895623299526,0.6733537669587859
27078,0.11134079080694105,0.227141048690188,0.6615181605028709
