index,0,1,2
26457,0.1117798434367713,0.21807821642811465,0.670141940135114
26458,0.13845397103902202,0.20028642454430862,0.6612596044166693
26459,0.11608935925454791,0.22485649208857292,0.6590541486568793
26460,0.123762140847849,0.19596193250169694,0.6802759266504539
26461,0.128319472437323,0.21132731354864998,0.6603532140140271
26462,0.10148245737170775,0.2474606188844204,0.6510569237438721
26463,0.17309507559244025,0.16158953660886405,0.6653153877986955
26464,0.13266318617143838,0.24820987274116754,0.6191269410873943
26465,0.10998747936943203,0.19788143680560652,0.6921310838249616
26466,0.09552449153654978,0.2653857396359916,0.6390897688274585
26467,0.15707977055679398,0.25733065212877443,0.5855895773144314
26468,0.1205042000846567,0.2217069253279549,0.6577888745873882
26469,0.15615332328297563,0.2361251717065353,0.6077215050104887
26470,0.13222226218987218,0.24389236089015345,0.6238853769199744
26471,0.11269560460937274,0.22746902207525022,0.6598353733153772
26472,0.12817177322802986,0.27295939296485533,0.5988688338071146
26473,0.11648998777005579,0.2307850683082634,0.652724943921681
26474,0.15861183285690142,0.24892814899123766,0.592460018151861
26475,0.13642722580298078,0.2428979430333201,0.6206748311636991
26476,0.09992409138772036,0.27153897893967666,0.6285369296726028
26477,0.10866966604430914,0.21322075368849006,0.6781095802672009
26478,0.10848098478780345,0.21490988104136333,0.6766091341708332
26479,0.12205768521765535,0.24155608893407304,0.6363862258482716
26480,0.12400294365458875,0.19543680194704063,0.6805602543983705
26481,0.12023985529614827,0.26824245078212877,0.6115176939217231
26482,0.11057571831969452,0.2210033636308809,0.6684209180494246
26483,0.09983076489540256,0.24993063840975174,0.650238596694846
26484,0.13290666027212703,0.30531879604511897,0.5617745436827541
26485,0.11446499987838536,0.2140968081156766,0.671438192005938
26486,0.12783146038197346,0.23356447533064348,0.638604064287383
26487,0.1177081504001274,0.21543595116920622,0.6668558984306661
26488,0.12436217023497967,0.2761982936940612,0.5994395360709595
26489,0.12853272513762218,0.2578287515647246,0.6136385232976531
26490,0.12978086056759647,0.2578932417205738,0.6123258977118299
26491,0.12111627249514602,0.24742605864352332,0.631457668861331
26492,0.12751216025574058,0.2107616516106985,0.661726188133561
26493,0.1376204873244168,0.26855584900350626,0.5938236636720771
26494,0.11261461013358198,0.22734984877763217,0.6600355410887859
26495,0.10989338857922451,0.22412393821307802,0.6659826732076976
26496,0.13153958618858844,0.24675415431201697,0.6217062594993946
26497,0.11308031659641203,0.3717531218198715,0.5151665615837165
26498,0.11581517526050546,0.2590000653167812,0.6251847594227133
26499,0.11222191809236585,0.231035384481042,0.6567426974265922
26500,0.13459213720120838,0.23211482997408517,0.6332930328247068
26501,0.14048518482243033,0.22527947940519077,0.6342353357723788
26502,0.12275202516190642,0.21248357881710014,0.6647643960209936
26503,0.11773555970605852,0.24279260913266004,0.6394718311612817
26504,0.10616113229208195,0.21362241142579044,0.6802164562821276
26505,0.134002827820648,0.19781895209236275,0.6681782200869893
26506,0.11833029911678157,0.24394039750376817,0.6377293033794502
26507,0.10536127516941958,0.2351517086407057,0.6594870161898747
26508,0.11455143845719963,0.2307783900599811,0.6546701714828193
26509,0.1392953651768803,0.20181026042429004,0.6588943743988298
26510,0.12151330241370077,0.21608490915922418,0.6624017884270752
26511,0.12779267323995744,0.21874067310194317,0.6534666536580994
26512,0.11429877123671271,0.2853097012452205,0.6003915275180668
26513,0.11628604559123179,0.2589359704703693,0.624777983938399
26514,0.11503121228325501,0.20645355342105845,0.6785152342956867
26515,0.12810373686166274,0.2121978509936169,0.6596984121447204
26516,0.12853272513762218,0.2578287515647246,0.6136385232976531
26517,0.12751502688191588,0.23183607712810164,0.6406488959899825
26518,0.11529094059807593,0.22509494871386657,0.6596141106880574
26519,0.12070265130389801,0.2939036468856128,0.5853937018104894
26520,0.07919700786902768,0.35592807714701236,0.5648749149839601
26521,0.12875327019118787,0.22703354888517638,0.6442131809236354
26522,0.10163862137485126,0.21073543019132682,0.6876259484338222
26523,0.11398950413301648,0.23964654321612486,0.6463639526508588
26524,0.14450539841029994,0.35259427874594496,0.5029003228437553
26525,0.11722081663118605,0.23484440450247868,0.6479347788663354
26526,0.10646595166433323,0.21601441355366863,0.6775196347819983
26527,0.12401724097548955,0.20190477064107198,0.6740779883834385
26528,0.12720728472612033,0.2576942761118783,0.6150984391620012
26529,0.09965958090029056,0.18002668821606446,0.720313730883645
26530,0.11719446298923547,0.24285829630354275,0.6399472407072221
26531,0.11530197320637053,0.23300447153672124,0.6516935552569083
26532,0.11322547510447568,0.2325605033811659,0.6542140215143584
26533,0.11818771140775931,0.2350946868674856,0.6467176017247555
26534,0.09743190545094432,0.2182589088050067,0.684309185744049
26535,0.1176218368346315,0.21370925866918988,0.6686689044961784
26536,0.11378795231660284,0.23052365569252328,0.655688391990874
26537,0.12052277584692345,0.2066964005848574,0.6727808235682191
26538,0.11539563970676724,0.27248459596815655,0.612119764325076
26539,0.1128711728222473,0.23566418074711787,0.651464646430635
26540,0.1445472248407314,0.2790545941021395,0.5763981810571293
26541,0.11071869937662171,0.22470206567481746,0.6645792349485609
26542,0.1265341593871031,0.25220403388240664,0.6212618067304905
26543,0.14971931729570317,0.21473279002261017,0.6355478926816867
26544,0.11772300660988204,0.2012790873830101,0.6809979060071079
26545,0.11991318174276319,0.23382435970286797,0.6462624585543688
26546,0.10419266815354886,0.2708413828717593,0.6249659489746919
26547,0.11951920383112787,0.1900891338624743,0.6903916623063979
26548,0.12449279793836117,0.2156126061427547,0.659894595918884
26549,0.11123952343143334,0.26454495728018323,0.6242155192883834
26550,0.12121427459143597,0.23605165389487592,0.6427340715136881
26551,0.1130457891502234,0.20284761852896488,0.6841065923208118
26552,0.09073513473111511,0.26064596851652033,0.6486188967523648
26553,0.12200110769550075,0.22335039494516842,0.6546484973593307
26554,0.11784835731221711,0.20994726050078366,0.6722043821869994
26555,0.14659294824954652,0.2515475706779499,0.6018594810725033
26556,0.08938597599302821,0.2773557428569477,0.6332582811500242
26557,0.1283872510800762,0.2130001369102921,0.6586126120096318
26558,0.16697364996777503,0.2000018490921331,0.633024500940092
26559,0.13160485598471885,0.22810877028127266,0.6402863737340085
26560,0.13650212045731458,0.23413396331573513,0.6293639162269504
26561,0.1381813836657037,0.2593426423464003,0.602475973987896
26562,0.13656027037937396,0.22233786220379098,0.6411018674168354
26563,0.11142940775414534,0.19476845276490212,0.6938021394809524
26564,0.11772098268174325,0.2122899874230308,0.6699890298952258
26565,0.12197935391430097,0.3019216430912967,0.5760990029944024
26566,0.12077652207704355,0.2340774254894966,0.64514605243346
26567,0.10773039090067787,0.22305788005321084,0.6692117290461111
26568,0.1285069282508321,0.19864759008890268,0.6728454816602651
26569,0.08584269461722652,0.23608707319467265,0.6780702321881006
26570,0.1247533090835758,0.26238633767559144,0.6128603532408331
26571,0.1167716083188229,0.18679679143060407,0.6964316002505726
26572,0.11009130321994899,0.2291524167511778,0.6607562800288733
26573,0.12195239366460095,0.21721428417391767,0.6608333221614815
26574,0.1431474863787757,0.1979378326589669,0.6589146809622569
26575,0.142981802063345,0.21161676554646486,0.6454014323901902
26576,0.10902161415625874,0.2227084945013888,0.6682698913423525
26577,0.11704944737932058,0.19330120331858136,0.6896493493020978
26578,0.13712451501697834,0.2234864644535842,0.6393890205294375
26579,0.11742165837522327,0.2622590103956249,0.6203193312291517
26580,0.09046296881300508,0.19122132369141956,0.7183157074955752
26581,0.11389500873232665,0.21350426272921175,0.6726007285384615
26582,0.12329982277664753,0.19874308804110646,0.6779570891822461
26583,0.11631971285109993,0.21679589921156822,0.6668843879373318
26584,0.12144093572261198,0.25910915348551306,0.6194499107918752
26585,0.13067840804610145,0.24815020502124377,0.6211713869326547
26586,0.16737344261325177,0.2164351073297953,0.6161914500569532
26587,0.19491975428056904,0.2627367289661555,0.5423435167532752
26588,0.1225886446085633,0.2023808099288348,0.6750305454626018
26589,0.12537741118196508,0.24061767615665824,0.6340049126613768
26590,0.12948417526335482,0.311550429619864,0.5589653951167814
26591,0.11620994690444571,0.21971729374726345,0.6640727593482909
26592,0.15403428707062583,0.23321513814521944,0.6127505747841551
26593,0.1245361315825721,0.23352506382016489,0.6419388045972632
26594,0.156482644817896,0.2806663887753118,0.5628509664067926
26595,0.10676942048474042,0.20164174468147295,0.6915888348337866
26596,0.11711137609888894,0.22056728684257862,0.6623213370585325
26597,0.12483832382638943,0.2546236711681674,0.6205380050054432
26598,0.12553365112524983,0.23040545246696545,0.6440608964077849
26599,0.1253974897286534,0.22193846741705514,0.6526640428542918
26600,0.11966923297014233,0.2299304941930305,0.6504002728368272
26601,0.10598940670014226,0.21548353193555708,0.6785270613643007
26602,0.13315916603649203,0.24304407698592537,0.6237967569775825
26603,0.15126817075392585,0.24299828168547852,0.6057335475605958
26604,0.13082707697563845,0.25999143260243956,0.6091814904219222
26605,0.1124758831734459,0.2318266470917002,0.655697469734854
26606,0.13862398287918964,0.2520204228729406,0.60935559424787
26607,0.1118683565181517,0.22942881525572623,0.6587028282261221
26608,0.112390473536186,0.2623326916398891,0.6252768348239247
26609,0.13003678492537812,0.22757114091674985,0.6423920741578719
26610,0.13108817979331414,0.24276173420106403,0.6261500860056218
26611,0.12936695805129275,0.24632835291598437,0.6243046890327227
26612,0.11247140713967661,0.2773923270272998,0.6101362658330236
26613,0.1405219657564287,0.2312653911523821,0.6282126430911893
26614,0.1150441252945076,0.20343470572606834,0.6815211689794244
26615,0.10396961823020635,0.24615748106911542,0.6498729007006782
26616,0.128566008287212,0.19022484902717307,0.6812091426856149
26617,0.13610819857523462,0.1962233278372567,0.6676684735875085
26618,0.13266318617143838,0.24820987274116754,0.6191269410873943
26619,0.11708362479134768,0.2934331487354693,0.5894832264731832
26620,0.11308256636461321,0.23525028941541112,0.6516671442199757
26621,0.10898342384326513,0.18546841660793434,0.7055481595488005
26622,0.1157221576253879,0.20329716564245806,0.680980676732154
26623,0.09888988073070594,0.2677180617816763,0.6333920574876176
26624,0.10255033314769485,0.23579111128944366,0.6616585555628615
26625,0.1181731579667383,0.2369395633820423,0.6448872786512194
26626,0.14412565962089288,0.21857239376155,0.6373019466175571
26627,0.10985435189869613,0.22089684182138128,0.6692488062799228
26628,0.11181069626568664,0.2537028271202448,0.6344864766140687
26629,0.11044176061144582,0.24462814775963695,0.6449300916289172
26630,0.11880380071507231,0.25998588291056696,0.6212103163743609
26631,0.11881127199718015,0.18530159942000524,0.6958871285828147
26632,0.14936924139968194,0.20073668093992306,0.6498940776603948
26633,0.11903765279312267,0.20946510485236713,0.67149724235451
26634,0.12059052856171261,0.2160304815312121,0.6633789899070754
26635,0.1224822681294955,0.2927585952822927,0.584759136588212
26636,0.12006320288129776,0.25704670988382344,0.6228900872348789
26637,0.10252382028370365,0.2104162253849124,0.6870599543313837
26638,0.12348940728505062,0.3128756297801477,0.5636349629348016
26639,0.1302044852501567,0.25503818288322866,0.6147573318666147
26640,0.12707274541182584,0.21749339822905717,0.6554338563591167
26641,0.15326836816509937,0.25461754821365534,0.5921140836212457
26642,0.11803764383140748,0.19142226901294737,0.6905400871556455
26643,0.12056017957792221,0.2277051326084461,0.651734687813632
26644,0.10613182361373459,0.22375516175652682,0.6701130146297386
26645,0.11784835731221711,0.20994726050078366,0.6722043821869994
26646,0.27839681374177216,0.2071028541273798,0.5145003321308478
26647,0.13015585545052258,0.23569401667332474,0.6341501278761527
26648,0.1396488875100527,0.26880101687409985,0.5915500956158476
26649,0.10352636418306538,0.20108742361701115,0.6953862121999235
26650,0.11594796723886969,0.22287341655458984,0.6611786162065403
26651,0.09623293553504998,0.24409857377142027,0.6596684906935297
26652,0.12664167507435922,0.21445344786296555,0.6589048770626752
26653,0.1418380403764332,0.2239382252790342,0.6342237343445326
26654,0.13023807942894655,0.27642381583324654,0.5933381047378072
26655,0.11627012996352672,0.27194912589642084,0.6117807441400527
26656,0.1383509048918485,0.21407490991779848,0.6475741851903531
26657,0.12421057816463735,0.22144637873235062,0.6543430431030118
26658,0.11136401054411137,0.21738431748171286,0.671251671974176
26659,0.13700198829646154,0.2426516822412385,0.6203463294622998
26660,0.11478101560264281,0.2291777819412759,0.6560412024560811
26661,0.15367083187753053,0.2947736600763801,0.551555508046089
26662,0.09599558022339519,0.2869347487413158,0.6170696710352892
26663,0.10153826554669079,0.21333285765836216,0.6851288767949469
26664,0.12383019484840965,0.1908191536510147,0.685350651500576
26665,0.12632035223742227,0.23604386828387347,0.6376357794787042
26666,0.1240267326148139,0.25569822753665095,0.6202750398485353
26667,0.1115465154134815,0.22630682027921847,0.6621466643073001
26668,0.11441773960722709,0.21338302129717868,0.6721992390955943
26669,0.12272744039955043,0.27204752018955497,0.6052250394108948
26670,0.11962374058051987,0.21860330933766162,0.6617729500818186
26671,0.11160901951124189,0.22813038089903945,0.6602605995897187
26672,0.12197287620654908,0.24689902666473348,0.6311280971287175
26673,0.1576563415015528,0.198245670874236,0.6440979876242112
26674,0.1370516734728416,0.17332890410522972,0.6896194224219285
26675,0.1260966781476185,0.25163761016956565,0.6222657116828156
26676,0.09951295359977129,0.23857733102164377,0.6619097153785849
26677,0.0946846486645706,0.18354535815845022,0.7217699931769793
26678,0.13795011504503532,0.2386282944657669,0.623421590489198
26679,0.12183515939013066,0.23176863502502454,0.6463962055848448
26680,0.10821783596360106,0.25551397231448036,0.6362681917219185
26681,0.11051569331865053,0.210908636542622,0.6785756701387272
26682,0.11096713931143495,0.2257548408276974,0.6632780198608675
26683,0.08938597599302821,0.2773557428569477,0.6332582811500242
26684,0.11198098927807829,0.20282578536935428,0.6851932253525673
26685,0.12312229986974188,0.2690440906046663,0.6078336095255917
26686,0.10499240908657337,0.21612461228745894,0.6788829786259679
26687,0.11224139676299559,0.2355331927805274,0.652225410456477
26688,0.12580015435023387,0.304805221267609,0.5693946243821574
26689,0.11468313245871478,0.22310560332597,0.6622112642153154
26690,0.11262414310520401,0.2274215143187099,0.6599543425760861
26691,0.11416192606186755,0.33605591806596685,0.5497821558721655
26692,0.09214731315506847,0.30324769762408726,0.6046049892208445
26693,0.12702251217942057,0.22512309604997122,0.6478543917706086
26694,0.12707274541182584,0.21749339822905717,0.6554338563591167
26695,0.10867020710819433,0.2060557202224167,0.6852740726693893
26696,0.11648998777005579,0.2307850683082634,0.652724943921681
26697,0.11234581379317264,0.21964686236318903,0.6680073238436383
26698,0.1386983711139255,0.2361591542613408,0.6251424746247336
26699,0.11934475122258888,0.2328130691424084,0.647842179635003
26700,0.10024674937536465,0.21334007997095847,0.6864131706536769
26701,0.11680337261913523,0.22630495387058197,0.6568916735102829
26702,0.1468961586277425,0.21747839136612707,0.6356254500061306
26703,0.13826838321063947,0.31152913412266653,0.5502024826666942
26704,0.10505750247233227,0.2647687239984843,0.6301737735291835
26705,0.12648063175655191,0.19494194235078183,0.6785774258926662
26706,0.1010858720893476,0.23570641057503952,0.6632077173356126
26707,0.14923284980143584,0.2398687166470059,0.6108984335515583
26708,0.12604839999985468,0.2574055580846837,0.6165460419154618
26709,0.11044176061144582,0.24462814775963695,0.6449300916289172
26710,0.11320287827744338,0.23297270352118857,0.653824418201368
26711,0.11945843772222461,0.22873183420262463,0.651809728075151
26712,0.11190075617139264,0.23587479694033647,0.6522244468882711
26713,0.1494859624681836,0.2418255255620242,0.6086885119697922
26714,0.16203547344809735,0.2772511227731398,0.5607134037787632
26715,0.11221729961551608,0.1959784145511265,0.6918042858333573
26716,0.13441550166303157,0.2327677572591452,0.6328167410778233
26717,0.10289019200498771,0.225516426328935,0.6715933816660773
26718,0.11339201479857866,0.21229422052995922,0.6743137646714622
26719,0.13017657648719644,0.2476175057143454,0.622205917798458
26720,0.10326931179064314,0.27474336219034057,0.6219873260190163
26721,0.1108553170340495,0.2267795940870333,0.6623650888789173
26722,0.1153983626148734,0.20249951838034488,0.6821021190047819
26723,0.12042643281342151,0.20698843914182277,0.6725851280447559
26724,0.11960061379078724,0.2200134892872906,0.6603858969219218
26725,0.12118259623367925,0.31578951625393215,0.5630278875123887
26726,0.1351497664692443,0.2663526642069964,0.5984975693237596
26727,0.11635158810138835,0.21205756490138558,0.6715908469972258
26728,0.10159444597616102,0.2166373324591998,0.681768221564639
26729,0.12406485821067703,0.21023053686353652,0.6657046049257863
26730,0.11072354690953629,0.2637177077370481,0.6255587453534155
26731,0.11547813944384706,0.19181333608835968,0.6927085244677937
26732,0.1270785181102821,0.2057882619577435,0.6671332199319745
26733,0.12189503349035402,0.19075765364901962,0.6873473128606264
26734,0.1117798434367713,0.21807821642811465,0.670141940135114
26735,0.10943762684365535,0.2631769631143541,0.6273854100419907
26736,0.11444010896562419,0.197839063221065,0.6877208278133112
26737,0.12085109058165763,0.23403891635342478,0.6451099930649177
26738,0.10931726083878056,0.22586858798295398,0.6648141511782656
26739,0.13157967617902325,0.2046358309346967,0.6637844928862802
26740,0.10903757035590975,0.2357207286376462,0.655241701006444
26741,0.12356143063904163,0.21764516341186468,0.6587934059490935
26742,0.10653164106402768,0.2746930264279391,0.6187753325080333
26743,0.12446961148049207,0.23089658536329896,0.6446338031562092
26744,0.1283726787221198,0.26340306888038006,0.6082242523975
26745,0.11222191809236585,0.231035384481042,0.6567426974265922
26746,0.12571790505874725,0.23906628521290899,0.6352158097283437
26747,0.1372809481802552,0.2807633458579135,0.5819557059618311
26748,0.12075027516864902,0.24302784312294787,0.636221881708403
26749,0.1225886446085633,0.2023808099288348,0.6750305454626018
26750,0.10093702208452505,0.18493347151827091,0.714129506397204
26751,0.1475316689331822,0.2862643796924775,0.5662039513743404
26752,0.10151847640980756,0.2733330633467743,0.6251484602434177
26753,0.12929587868755799,0.24230764117660797,0.628396480135834
26754,0.11929416939793697,0.21093129365101068,0.6697745369510523
26755,0.10175124794029883,0.2088545943959998,0.6893941576637012
26756,0.1422184313730609,0.1795094389940419,0.6782721296328971
26757,0.11070018411557359,0.22508124657558498,0.6642185693088416
26758,0.10020358103267324,0.2661903491269246,0.633606069840402
26759,0.10926143614791681,0.2287041992173388,0.6620343646347443
26760,0.11139251275426561,0.2970090512279637,0.5915984360177704
26761,0.11136650432138781,0.18353157979760237,0.7051019158810098
26762,0.11077774604300156,0.22858799525849133,0.660634258698507
26763,0.11760129106065803,0.24101103553732503,0.6413876734020169
26764,0.1266117866190036,0.22079425390588883,0.6525939594751077
26765,0.12535045995671218,0.20275373934408705,0.6718958006992011
26766,0.10824553856882516,0.329701015047595,0.5620534463835799
26767,0.12828608648105197,0.22602310252911864,0.6456908109898295
26768,0.10403718999175647,0.2520700520755142,0.6438927579327292
26769,0.11281528497895053,0.30790709700049296,0.5792776180205567
26770,0.15852749811961409,0.2928733968313744,0.5485991050490115
26771,0.10727881213182018,0.2680923749689558,0.6246288128992241
26772,0.1566131077670161,0.19476972241699234,0.6486171698159916
26773,0.11815423026456508,0.2051583861710236,0.6766873835644114
26774,0.1190361270480221,0.20593014021334663,0.6750337327386312
26775,0.12977720926421674,0.2653425232935224,0.6048802674422611
26776,0.10856651017243911,0.20267972452136226,0.6887537653061984
26777,0.12582176940808285,0.1753659901417671,0.6988122404501504
26778,0.11557946867064274,0.2013733690796712,0.6830471622496862
26779,0.12111627249514602,0.24742605864352332,0.631457668861331
26780,0.12572294173843873,0.2498239908731468,0.6244530673884144
26781,0.11508284967925503,0.2100941810180464,0.6748229693026986
26782,0.11292510390321064,0.19964253628532988,0.6874323598114593
26783,0.12221226351346365,0.22322919816951434,0.654558538317022
26784,0.12001935421086125,0.24082710898661042,0.6391535368025282
26785,0.1225886446085633,0.2023808099288348,0.6750305454626018
26786,0.1430720774786631,0.21252166146118487,0.6444062610601516
26787,0.10503961927151095,0.17840110470649603,0.7165592760219925
26788,0.1522456732120033,0.22250218712459294,0.6252521396634036
26789,0.11612037712997843,0.25980510052839334,0.6240745223416283
26790,0.10158727263743617,0.22090624872692038,0.6775064786356433
26791,0.11063237090928432,0.2060716608179864,0.6832959682727291
26792,0.10431169936135898,0.21335597112147775,0.6823323295171637
26793,0.1130457891502234,0.20284761852896488,0.6841065923208118
26794,0.11632857671140752,0.2316269205963412,0.6520445026922514
26795,0.11048197872695367,0.22059642665280646,0.6689215946202401
26796,0.11709237658834186,0.23174674216869381,0.6511608812429647
26797,0.11042809000735637,0.28018290089756215,0.6093890090950814
26798,0.1552750842982587,0.2073368926285216,0.6373880230732196
26799,0.11325867498888169,0.22577891960627638,0.6609624054048421
26800,0.10227795538957812,0.3108047556883886,0.5869172889220333
26801,0.11441773960722709,0.21338302129717868,0.6721992390955943
26802,0.09300714897078911,0.17608251570080058,0.7309103353284102
26803,0.1180495796669169,0.22473098400055103,0.6572194363325323
26804,0.10409198891011515,0.23981410462705482,0.65609390646283
26805,0.10052685573167659,0.26154464347959316,0.6379285007887301
26806,0.11816598783669312,0.24006797867297172,0.6417660334903352
26807,0.11155733870309231,0.224341259209393,0.6641014020875147
26808,0.09070300854921343,0.24110024685369497,0.6681967445970914
26809,0.11426832149103854,0.20625175368810755,0.679479924820854
26810,0.09599558022339519,0.2869347487413158,0.6170696710352892
26811,0.11783369720217411,0.22484580054510828,0.6573205022527177
26812,0.12199839732306775,0.22606878989385454,0.6519328127830777
26813,0.11385829701365612,0.24488152911925914,0.6412601738670848
26814,0.11993378430626639,0.20560009120143974,0.6744661244922936
26815,0.1125607240402656,0.22527983625831008,0.6621594397014244
26816,0.10152395319993027,0.23772570088498804,0.6607503459150817
26817,0.11440446830380413,0.18393038095180964,0.7016651507443864
26818,0.11690234575327459,0.2523647745081526,0.630732879738573
26819,0.12266613279292271,0.22618022794541773,0.6511536392616597
26820,0.10981263129549455,0.2326901771720491,0.6574971915324567
26821,0.1317003670766486,0.2203581383073758,0.6479414946159758
26822,0.12040179721243525,0.21616542385594514,0.6634327789316197
26823,0.11509217190638296,0.18228390025654106,0.7026239278370761
26824,0.12243011248880296,0.2270927336848284,0.6504771538263686
26825,0.1326528276672802,0.22588852440302606,0.6414586479296938
26826,0.11391525152132402,0.25729159800546325,0.6287931504732129
26827,0.11987671574738787,0.21281425714400057,0.6673090271086114
26828,0.10540195909425243,0.21742578992625572,0.6771722509794919
26829,0.10559970617125874,0.20412565905870733,0.6902746347700338
26830,0.10685143534433683,0.2294220378936746,0.6637265267619883
26831,0.14656822471303366,0.18750427713823148,0.6659274981487349
26832,0.11422641018588521,0.22662275280974542,0.659150837004369
26833,0.11840872271559018,0.2236981196428212,0.6578931576415888
26834,0.11322645413373959,0.2437308696104189,0.6430426762558414
26835,0.17262795657221516,0.21084439242537406,0.6165276510024109
26836,0.12479229784557394,0.23242236565837235,0.642785336496054
26837,0.11701188646971572,0.17801358040125456,0.7049745331290298
26838,0.12619426418060692,0.23062440541754692,0.6431813304018458
26839,0.24559894892014905,0.21362780411109075,0.5407732469687604
26840,0.13264197848339226,0.2459370778631743,0.6214209436534336
26841,0.10045444372027397,0.1927128499043409,0.7068327063753853
26842,0.10733935693857044,0.29851782295071383,0.594142820110716
26843,0.10905109115609664,0.20413811896027706,0.6868107898836264
26844,0.11693774844413564,0.2637824532039066,0.6192797983519578
26845,0.1800028739624752,0.17514941634878822,0.6448477096887367
26846,0.11784835731221711,0.20994726050078366,0.6722043821869994
26847,0.12824681478420857,0.24035602960528832,0.6313971556105031
26848,0.12639121504153011,0.18696839667289222,0.6866403882855779
26849,0.14510354541718998,0.2650477557139048,0.5898486988689049
26850,0.12244758641237727,0.2742666601716722,0.6032857534159506
26851,0.110667461126168,0.21112652687733405,0.6782060119964978
26852,0.15434839144745927,0.3043629536224501,0.5412886549300904
26853,0.11886283189866416,0.2302005126305685,0.6509366554707675
26854,0.11050269606730989,0.32370974431818994,0.5657875596145001
26855,0.11522692524791849,0.27880227503421096,0.6059707997178705
26856,0.12367100520067302,0.24545795896194783,0.6308710358373791
26857,0.1192095432255566,0.23508936331379005,0.6457010934606532
26858,0.11095425270256654,0.3406759196663582,0.5483698276310751
26859,0.12079933399645001,0.25995275721913585,0.619247908784414
26860,0.11050824085133701,0.2706482136969234,0.6188435454517396
26861,0.12153633267775574,0.17059874442458803,0.7078649228976566
26862,0.13949908268569608,0.2420893001603469,0.6184116171539571
26863,0.10317171807581893,0.277030871739368,0.6197974101848129
26864,0.10795219854472622,0.28567455171508266,0.606373249740191
26865,0.11079614024498304,0.23837220998447234,0.6508316497705444
26866,0.1202654341675185,0.22396540387090613,0.6557691619615755
26867,0.11106969970498566,0.21142702937915422,0.6775032709158602
26868,0.12032472143397607,0.24233138750440264,0.6373438910616209
26869,0.10997092227606652,0.14891730118011012,0.7411117765438232
26870,0.12092466462503464,0.24933931554623784,0.6297360198287278
26871,0.11320287827744338,0.23297270352118857,0.653824418201368
26872,0.10809160039529625,0.2695908322485221,0.6223175673561817
26873,0.12380974992989101,0.24615816936612298,0.6300320807039858
26874,0.11031626888865428,0.22254907757030506,0.6671346535410408
26875,0.10483544891019735,0.21907143430776052,0.6760931167820422
26876,0.1031449610551936,0.27338311454241404,0.6234719244023923
26877,0.11497330856658014,0.22629388072964018,0.6587328107037795
26878,0.12905491228676247,0.27050486794187295,0.6004402197713646
26879,0.116405969410958,0.21128200193147445,0.6723120286575676
26880,0.12184322348803427,0.1750575098389985,0.7030992666729674
26881,0.11181069626568664,0.2537028271202448,0.6344864766140687
26882,0.1835804452356911,0.23540852774100798,0.5810110270233013
26883,0.09923417124430153,0.2413635349643323,0.659402293791366
26884,0.11729935212736103,0.24081902668871202,0.6418816211839271
26885,0.10300488058058084,0.2105539286230043,0.6864411907964147
26886,0.10911055932326405,0.23635494726847128,0.654534493408265
26887,0.12950941615181333,0.20722689307322717,0.6632636907749595
26888,0.12311554580445168,0.2127608574090577,0.6641235967864907
26889,0.1083917684822798,0.24173095760138444,0.6498772739163359
26890,0.11478101560264281,0.2291777819412759,0.6560412024560811
26891,0.12787952080179943,0.29695730510251467,0.5751631740956858
26892,0.13842883789935534,0.2413616971349663,0.6202094649656781
26893,0.14777997191445943,0.24825120476097853,0.6039688233245619
26894,0.14987801181345878,0.25394296687211965,0.5961790213144218
26895,0.12084429202280159,0.2220961526367567,0.6570595553404418
26896,0.11492100848794048,0.25449175782639705,0.6305872336856625
26897,0.12248726201335078,0.21880753457728072,0.6587052034093683
26898,0.12061095121753031,0.21058157474556682,0.6688074740369029
26899,0.11137661985907167,0.19496787477208286,0.6936555053688452
26900,0.12551285059732836,0.20602172462259502,0.6684654247800769
26901,0.12113762468199255,0.24288980897057155,0.6359725663474358
26902,0.1175453106408725,0.1875063741284208,0.6949483152307069
26903,0.12212464554524632,0.21935968351610957,0.658515670938644
26904,0.13283970973917125,0.20635796363665954,0.6608023266241692
26905,0.11282779309110147,0.20336070026270447,0.6838115066461942
26906,0.11296602800507595,0.22862493428741223,0.6584090377075117
26907,0.11641176675438272,0.23380968744315048,0.649778545802467
26908,0.11352914034223628,0.28633749424457566,0.6001333654131882
26909,0.11575722089272077,0.28046846977582635,0.6037743093314526
26910,0.11051462925500505,0.25790032811572594,0.6315850426292691
26911,0.15156859483652455,0.247247216109693,0.6011841890537825
26912,0.11944440142927974,0.22308652042588972,0.6574690781448305
26913,0.14930150596025052,0.23469070403434578,0.6160077900054038
26914,0.12121427459143597,0.23605165389487592,0.6427340715136881
26915,0.14083152635062807,0.18888716245669113,0.670281311192681
26916,0.09445159313178964,0.3000873519352759,0.6054610549329342
26917,0.10863146052051001,0.21032743400824494,0.681041105471245
26918,0.14875342941000264,0.2519007069466886,0.5993458636433088
26919,0.2799479000917906,0.19969702970113784,0.5203550702070714
26920,0.11407414099906302,0.2994583894475799,0.5864674695533569
26921,0.11337036874688736,0.2916518995071333,0.5949777317459795
26922,0.11896536004474578,0.2780163738119882,0.6030182661432663
26923,0.113550612010407,0.22174716627706434,0.6647022217125285
26924,0.12434909714678272,0.2334309932459513,0.6422199096072662
26925,0.1123695387735912,0.19137539903931358,0.696255062187095
26926,0.11207621777637294,0.2405907456952602,0.6473330365283669
26927,0.14861733322594087,0.2606277553504271,0.5907549114236319
26928,0.11379846815913654,0.2538768399422235,0.6323246918986399
26929,0.11866485543193676,0.2317233772584917,0.6496117673095718
26930,0.11438881466502536,0.23904173923769803,0.6465694460972768
26931,0.11334361450310937,0.2338059208759146,0.6528504646209761
26932,0.1293787048367894,0.2310540043678152,0.6395672907953954
26933,0.16101569431123233,0.20874851031492248,0.6302357953738447
26934,0.11158487144673414,0.23084492735366155,0.657570201199604
26935,0.10274340601088702,0.21814490417284588,0.679111689816267
26936,0.1044329747441335,0.20383198149572748,0.691735043760139
26937,0.11105771998753973,0.22874078921653715,0.6602014907959228
26938,0.11792173143669835,0.20784695921049395,0.6742313093528076
26939,0.12686407908202949,0.22831169674649288,0.6448242241714778
26940,0.12762653408197716,0.21108227084986161,0.6612911950681614
26941,0.13127570146119225,0.2209341632835274,0.6477901352552804
26942,0.11916213379084604,0.3019044003992574,0.5789334658098966
26943,0.10269235722792082,0.25970502686620994,0.6376026159058692
26944,0.10601076281139404,0.21628586551005738,0.6777033716785487
26945,0.14257625324587353,0.2842900049406396,0.5731337418134868
26946,0.13493502325435197,0.21932431664394297,0.6457406601017048
26947,0.1286118570219407,0.2685713571461707,0.6028167858318885
26948,0.11400377962691191,0.2279442441739034,0.6580519761991848
26949,0.10422000354942236,0.22734776016465338,0.6684322362859243
26950,0.11244952596718061,0.18240640408816652,0.7051440699446531
26951,0.16748589501653574,0.2603484756967455,0.5721656292867185
26952,0.1109797682724989,0.214143245836653,0.6748769858908483
26953,0.1396808083988659,0.1765192963611903,0.683799895239944
26954,0.09553321275216849,0.23266733921799246,0.6717994480298389
26955,0.12109527947062741,0.2919605835790738,0.5869441369502989
26956,0.1418109584007206,0.21349349245464253,0.6446955491446369
26957,0.1173452985946391,0.19969002456167945,0.6829646768436812
26958,0.13508392671183278,0.25228716855897654,0.6126289047291906
26959,0.11329826959486215,0.24494947350744467,0.6417522568976933
26960,0.12380974992989101,0.24615816936612298,0.6300320807039858
26961,0.1436734145101223,0.23128501728695489,0.6250415682029228
26962,0.09915282262529271,0.2272048052531881,0.6736423721215192
26963,0.12702251217942057,0.22512309604997122,0.6478543917706086
26964,0.14403656725544633,0.2860173975935993,0.5699460351509544
26965,0.11439447560916939,0.2336465225256913,0.6519590018651393
26966,0.11492100848794048,0.25449175782639705,0.6305872336856625
26967,0.1068037021503424,0.2187958127190302,0.6744004851306272
26968,0.12673327538723114,0.22864581661779204,0.6446209079949768
26969,0.09264490658360652,0.20691379750130165,0.7004412959150917
26970,0.12941361159204418,0.2235231452469861,0.64706324316097
26971,0.11620069785871856,0.2269807203152868,0.6568185818259945
26972,0.12186613594044048,0.2496445797055317,0.628489284354028
26973,0.10696372137657895,0.20889727430786412,0.6841390043155567
26974,0.1266897785271569,0.2143395579632258,0.6589706635096174
26975,0.10478042300740445,0.1470488979553883,0.748170679037207
26976,0.1146808288596275,0.23709635347541255,0.6482228176649599
26977,0.13095641890870074,0.24430522712206085,0.6247383539692386
26978,0.11792173143669835,0.20784695921049395,0.6742313093528076
26979,0.11172249928328414,0.2393190215398487,0.6489584791768672
26980,0.10495196463585472,0.24481256668935775,0.6502354686747875
26981,0.11320371055823523,0.2789609085138298,0.6078353809279351
26982,0.12061979795980175,0.25436428501041397,0.6250159170297847
26983,0.11187642615562972,0.2262551039355324,0.661868469908838
26984,0.11079614024498304,0.23837220998447234,0.6508316497705444
26985,0.13493687595776982,0.23085314468566837,0.6342099793565619
26986,0.09431887328449237,0.1720270141386306,0.7336541125768774
26987,0.12570810989382583,0.23861157227368446,0.63568031783249
26988,0.15357315470148497,0.2469210905286297,0.5995057547698853
26989,0.12838559345024178,0.25741281865113874,0.6142015878986196
26990,0.11136923887802933,0.22350108045788084,0.6651296806640897
26991,0.1165821064143167,0.20906035935578862,0.6743575342298945
26992,0.11030534512018479,0.23483644483738014,0.6548582100424352
26993,0.11284240509775709,0.2343692003108654,0.6527883945913777
26994,0.1338739743429476,0.21220209734785814,0.6539239283091939
26995,0.12655684912723408,0.26594916955066905,0.607493981322097
26996,0.12215678026255809,0.22840596241815272,0.649437257319289
26997,0.16503311181484065,0.29250286018380167,0.542464028001358
26998,0.169370701132449,0.20103218903298775,0.6295971098345635
26999,0.1401358234082799,0.28943971612671704,0.5704244604650033
27000,0.11887342871862801,0.25772342328083275,0.6234031480005392
27001,0.11059681341632727,0.23139165690234148,0.6580115296813313
27002,0.10943263799426564,0.26739041985161693,0.6231769421541175
27003,0.1360057538097297,0.1944159119387584,0.6695783342515125
27004,0.13255114720313355,0.2639135415941404,0.6035353112027259
27005,0.1041400610666283,0.32623815946817025,0.5696217794652014
27006,0.09715481382474193,0.18200477973718002,0.7208404064380783
27007,0.1213247299118954,0.21589416511379997,0.6627811049743048
27008,0.129083967922207,0.19969875607693055,0.6712172760008626
27009,0.1320864601481206,0.24487582968603896,0.6230377101658403
27010,0.12083673445007506,0.2536142909483935,0.6255489746015315
27011,0.13647961294049615,0.25486185171628145,0.6086585353432225
27012,0.12316077060843562,0.2427392745590776,0.6340999548324868
27013,0.13602713437120506,0.21688647360519372,0.6470863920236013
27014,0.14077208348238165,0.26517584254502125,0.5940520739725972
27015,0.11543521816168205,0.25850290872892523,0.6260618731093929
27016,0.12873338089241546,0.20900562103970852,0.6622609980678763
27017,0.11873355473556162,0.2363723106575331,0.6448941346069055
27018,0.12311661017114582,0.23965953784312322,0.637223851985731
27019,0.1177150806643406,0.26790192225908327,0.6143829970765765
27020,0.10402883942484281,0.23207972181990275,0.6638914387552544
27021,0.10652154907013221,0.32229469916566494,0.5711837517642028
27022,0.12061777605728109,0.23638519731239233,0.6429970266303268
27023,0.1278523394321079,0.2071667505730929,0.6649809099947991
27024,0.14269918266600315,0.27795598777891206,0.5793448295550846
27025,0.1160366850141457,0.20014928012670224,0.6838140348591522
27026,0.09812545446695747,0.23996022666446534,0.661914318868577
27027,0.11359137547193848,0.19812556690501248,0.6882830576230492
27028,0.14936924139968194,0.20073668093992306,0.6498940776603948
27029,0.09182876045563854,0.2661063369584853,0.6420649025858765
27030,0.17933807223556836,0.4568316501642743,0.363830277600157
27031,0.16766850282613724,0.294507405259915,0.5378240919139479
27032,0.15488152765791202,0.20458709385249135,0.6405313784895967
27033,0.11582934593163242,0.19234112850196566,0.6918295255664018
27034,0.11345057684542542,0.24034547054793406,0.6462039526066407
27035,0.17262795657221516,0.21084439242537406,0.6165276510024109
27036,0.1043872386637009,0.20805159277458543,0.6875611685617138
27037,0.11781104878944182,0.20849589361741724,0.6736930575931409
27038,0.12924060007058016,0.19283101321977159,0.6779283867096487
27039,0.1193593188507625,0.222326597050981,0.6583140840982565
27040,0.11955979331184484,0.2227904614654256,0.6576497452227298
27041,0.0837676798955269,0.16775477227981703,0.7484775478246561
27042,0.13848412201851912,0.22282479805403743,0.6386910799274435
27043,0.11959055091458762,0.2268101387606723,0.6535993103247401
27044,0.12619795634348144,0.24165544505862727,0.6321465985978915
27045,0.12642204362077208,0.24825900319421698,0.625318953185011
27046,0.08842100187869871,0.2025950031356439,0.7089839949856573
27047,0.13070396489224717,0.27730616615021836,0.5919898689575346
27048,0.10014963959749167,0.2742579879792358,0.6255923724232726
27049,0.10192467947300628,0.2819973720535481,0.6160779484734458
27050,0.11032145753872033,0.22089949680998788,0.6687790456512918
27051,0.1143721199960256,0.25824866753713904,0.6273792124668354
27052,0.1071519957541264,0.2486107850752188,0.6442372191706548
27053,0.10238908804666963,0.3057166169664674,0.5918942949868629
27054,0.11701878544380127,0.19059353348004507,0.6923876810761534
27055,0.12611702020172946,0.23414147572177207,0.6397415040764985
27056,0.1402915322470206,0.20688537604836077,0.6528230917046187
27057,0.11070159904113637,0.237373292599009,0.6519251083598546
27058,0.1245361315825721,0.23352506382016489,0.6419388045972632
27059,0.0933538746688091,0.14527820633295566,0.7613679189982352
27060,0.10925891882264332,0.2939918946265182,0.5967491865508385
27061,0.14175493445505147,0.21727450133678322,0.6409705642081653
27062,0.11515160205606517,0.2193334311602529,0.665514966783682
27063,0.1263049192664503,0.22215413160424366,0.6515409491293063
27064,0.09707161040820785,0.17769599343639633,0.7252323961553958
27065,0.12307659929249258,0.2622137704693826,0.6147096302381245
27066,0.11917449299538921,0.23200903596169417,0.6488164710429164
27067,0.11009130321994899,0.2291524167511778,0.6607562800288733
27068,0.1835804452356911,0.23540852774100798,0.5810110270233013
27069,0.10166351181616873,0.22160553007076225,0.676730958113069
27070,0.12242432253526371,0.1834593865171817,0.694116290947555
27071,0.1505967115232718,0.1630166274186476,0.6863866610580809
27072,0.12164294731019032,0.23586579174242228,0.6424912609473875
27073,0.13054278511317835,0.2405622686253032,0.6288949462615185
27074,0.12567836687994308,0.2604107137075452,0.6139109194125117
27075,0.14674600146341193,0.2681694951362795,0.5850845034003084
27076,0.13555560081154583,0.23905074056588563,0.6253936586225682
27077,0.12389252822348445,0.2405671290436838,0.635540342732832
27078,0.12988675434903463,0.22430382359592915,0.645809422055036
