index,0,1,2
26457,0.11861408730158729,0.22437698412698406,0.6570089285714285
26458,0.10071428571428571,0.2776659451659452,0.6216197691197691
26459,0.10654183256357169,0.27154071773636995,0.6219174497000585
26460,0.2400357142857143,0.25973809523809527,0.5002261904761904
26461,0.1978690476190476,0.2728452380952381,0.5292857142857144
26462,0.14553174603174604,0.2777222222222222,0.5767460317460319
26463,0.2844747474747475,0.6723434343434342,0.04318181818181818
26464,0.12159523809523806,0.23501984126984127,0.6433849206349206
26465,0.10875108225108225,0.15709271284271284,0.7341562049062049
26466,0.09488888888888888,0.3166904761904762,0.5884206349206349
26467,0.07977036210679474,0.28809238669826903,0.6321372511949362
26468,0.09733333333333334,0.23791666666666664,0.66475
26469,0.3330436507936508,0.24981349206349207,0.4171428571428571
26470,0.11575860341540457,0.3539946135829836,0.5302467830016117
26471,0.07239221611721612,0.2683425824175824,0.6592652014652015
26472,0.17525168466976979,0.4096482074662926,0.41510010786393764
26473,0.12653571428571428,0.37033333333333324,0.5031309523809523
26474,0.3192883708139126,0.6226218855963438,0.05808974358974359
26475,0.24308741258741265,0.3185714285714285,0.4383411588411588
26476,0.10300000000000001,0.2785,0.6185
26477,0.16061904761904763,0.3614920634920635,0.47788888888888875
26478,0.2887619047619048,0.2611428571428572,0.4500952380952381
26479,0.21721428571428572,0.151,0.6317857142857144
26480,0.1994920634920635,0.193047619047619,0.6074603174603175
26481,0.21272222222222223,0.3647460317460319,0.422531746031746
26482,0.19965873015873017,0.2698803418803418,0.530460927960928
26483,0.12299999999999998,0.20649999999999996,0.6705000000000001
26484,0.21815172735760968,0.2875560224089636,0.49429225023342666
26485,0.08092063492063492,0.1368174603174603,0.7822619047619048
26486,0.13269584222298197,0.3438198249979856,0.5234843327790325
26487,0.22558730158730153,0.2350952380952381,0.5393174603174602
26488,0.21315476190476193,0.7508452380952381,0.036000000000000004
26489,0.08309842187797065,0.4037910979830688,0.5131104801389605
26490,0.11921713229611446,0.35432181132128254,0.526461056382603
26491,0.0786111111111111,0.21827777777777782,0.703111111111111
26492,0.26258730158730154,0.3509325396825396,0.38648015873015884
26493,0.4246111111111111,0.5341984126984127,0.04119047619047619
26494,0.20271779385717997,0.2583009716081966,0.5389812345346232
26495,0.14125,0.22003968253968254,0.6387103174603174
26496,0.26095709196951067,0.2820196226418426,0.4570232853886469
26497,0.1633412698412699,0.5036626984126984,0.3329960317460317
26498,0.3051227649162431,0.4316399868247693,0.26323724825898737
26499,0.08231142325416518,0.3283452271479312,0.5893433495979036
26500,0.29466666666666674,0.3561666666666667,0.3491666666666666
26501,0.16285714285714284,0.26749206349206356,0.5696507936507939
26502,0.10411904761904761,0.2652380952380952,0.6306428571428571
26503,0.30289285714285713,0.38849999999999996,0.30860714285714286
26504,0.10080952380952381,0.3217460317460317,0.5774444444444442
26505,0.2813095238095238,0.27489285714285716,0.44379761904761916
26506,0.21623015873015874,0.7346031746031746,0.04916666666666667
26507,0.203268115942029,0.7526842650103519,0.044047619047619044
26508,0.16626262626262622,0.37023015873015863,0.46350721500721503
26509,0.29302331002331,0.2575284715284715,0.44944821844821853
26510,0.2535,0.32186507936507935,0.42463492063492053
26511,0.12480952380952381,0.24488492063492065,0.6303055555555555
26512,0.17320404798345976,0.4068663574987104,0.41992959451782996
26513,0.04933333333333333,0.5611785714285715,0.38948809523809513
26514,0.10376470588235293,0.32925,0.566985294117647
26515,0.2938274446142093,0.18328787878787878,0.5228846765979119
26516,0.11607190672645551,0.3427910979830688,0.5411369952904755
26517,0.27198748473748474,0.6805766178266177,0.047435897435897434
26518,0.10236616161616162,0.23113131313131313,0.6665025252525253
26519,0.14564896214896214,0.27297008547008544,0.5813809523809524
26520,0.048641131815044855,0.5991220277307233,0.3522368404542318
26521,0.125,0.357,0.5179999999999999
26522,0.13196031746031747,0.3117222222222222,0.5563174603174602
26523,0.11955293040293041,0.3042698573356468,0.5761772122614228
26524,0.06266666666666666,0.34827272727272734,0.5890606060606062
26525,0.16198758072379973,0.28670814235577224,0.5513042769204278
26526,0.08459523809523808,0.2887261904761905,0.6266785714285716
26527,0.2412063492063492,0.23694047619047617,0.5218531746031746
26528,0.19099999999999995,0.7698333333333334,0.03916666666666666
26529,0.1744404761904762,0.20905357142857142,0.6165059523809524
26530,0.1432797619047619,0.22992857142857137,0.6267916666666665
26531,0.17911904761904765,0.21366666666666667,0.6072142857142857
26532,0.09404058992083185,0.2939758782950296,0.6119835317841383
26533,0.1479231982706559,0.3018731090002276,0.5502036927291164
26534,0.14566666666666667,0.3293333333333333,0.525
26535,0.10466666666666667,0.29699999999999993,0.5983333333333332
26536,0.25792659284900665,0.31992407062234646,0.422149336528647
26537,0.10516666666666666,0.23116666666666666,0.6636666666666667
26538,0.07194631185807655,0.3384829598506069,0.5895707282913165
26539,0.08509963130551366,0.2377723012281836,0.6771280674663026
26540,0.17561640211640214,0.30641798941798937,0.5179656084656085
26541,0.10548779896574013,0.3026642322138645,0.5918479688203953
26542,0.13403174603174603,0.26524603174603173,0.6007222222222223
26543,0.22290981240981242,0.25776695526695526,0.5193232323232324
26544,0.3338333333333333,0.28995238095238085,0.3762142857142857
26545,0.17317658730158725,0.32376984126984126,0.5030535714285714
26546,0.1104023535851122,0.28948894362342636,0.6001087027914612
26547,0.296234126984127,0.2689603174603175,0.43480555555555556
26548,0.10742857142857141,0.20019841269841268,0.6923730158730159
26549,0.2769761904761905,0.689357142857143,0.033666666666666664
26550,0.047357142857142855,0.17294444444444446,0.7796984126984127
26551,0.2111904761904762,0.26346825396825396,0.5253412698412698
26552,0.08846031746031746,0.36057936507936506,0.5509603174603174
26553,0.1139047619047619,0.2633888888888889,0.6227063492063494
26554,0.2158968253968254,0.37942460317460325,0.40467857142857144
26555,0.09883333333333333,0.22883333333333336,0.6723333333333334
26556,0.20466666666666672,0.23241666666666666,0.5629166666666666
26557,0.1348136288998358,0.19022852721990652,0.6749578438802577
26558,0.3951985495347564,0.28482895457033386,0.3199724958949097
26559,0.16596212121212123,0.19516666666666668,0.6388712121212122
26560,0.12733333333333335,0.3814407814407814,0.49122588522588534
26561,0.0975,0.2959722222222222,0.6065277777777779
26562,0.12998412698412698,0.23122222222222216,0.6387936507936507
26563,0.15725000000000006,0.25675,0.5859999999999999
26564,0.18105555555555558,0.28555555555555556,0.5333888888888889
26565,0.07830952380952381,0.49659559884559895,0.42509487734487733
26566,0.1080954978097032,0.41837066843180976,0.473533833758487
26567,0.09501282051282049,0.30704065878227454,0.5979465207049047
26568,0.2747777777777778,0.669888888888889,0.05533333333333333
26569,0.12488888888888888,0.21419841269841272,0.6609126984126982
26570,0.1985475035475035,0.4083850104144222,0.3930674860380743
26571,0.21138095238095236,0.18159523809523812,0.6070238095238094
26572,0.113256105006105,0.3626633089133089,0.524080586080586
26573,0.26213095238095235,0.2699166666666667,0.4679523809523809
26574,0.1330263157894737,0.23769047619047612,0.62928320802005
26575,0.28214285714285714,0.1786904761904762,0.5391666666666667
26576,0.15915873015873014,0.25944949494949493,0.5813917748917747
26577,0.29158730158730156,0.1915119047619048,0.5169007936507937
26578,0.11168561993561993,0.3307700910200911,0.557544289044289
26579,0.2998214285714286,0.6444007936507937,0.05577777777777779
26580,0.11613492063492062,0.2601161616161616,0.6237489177489176
26581,0.17766666666666667,0.2872373737373736,0.5350959595959596
26582,0.2675,0.2333333333333334,0.49916666666666665
26583,0.13128571428571428,0.22555357142857144,0.6431607142857143
26584,0.1240784715284715,0.40041511821511827,0.47550641025641016
26585,0.10916666666666665,0.391111111111111,0.49972222222222223
26586,0.2578888888888889,0.22539682539682537,0.5167142857142857
26587,0.1814631185807657,0.4252072829131653,0.39332959850606913
26588,0.09083333333333334,0.12694444444444444,0.7822222222222222
26589,0.09665590128825423,0.21341523770347298,0.6899288610082727
26590,0.22890476190476192,0.4214603174603176,0.34963492063492063
26591,0.1875833333333333,0.7537499999999998,0.05866666666666667
26592,0.13676190476190472,0.17388095238095239,0.6893571428571428
26593,0.12066189001514406,0.4126000957393323,0.4667380142455236
26594,0.19499849918599918,0.2565771011396011,0.5484243996743995
26595,0.08852380952380953,0.19505555555555557,0.7164206349206349
26596,0.10616666666666667,0.272029761904762,0.6218035714285715
26597,0.09514368514368514,0.3799050116550118,0.5249513032013031
26598,0.14034091670856377,0.35161182336182334,0.5080472599296129
26599,0.1331111111111111,0.2206269841269841,0.6462619047619046
26600,0.09523809523809523,0.37409523809523804,0.5306666666666667
26601,0.10071428571428571,0.31778571428571434,0.5815
26602,0.1344642857142857,0.22623015873015878,0.6393055555555557
26603,0.13449999999999998,0.18939285714285714,0.6761071428571428
26604,0.10609014816913032,0.3171789541784255,0.5767308976524443
26605,0.12247622029270966,0.283666171003937,0.5938576087033534
26606,0.13223901098901097,0.3280674603174603,0.5396935286935287
26607,0.2753507000246131,0.6918928897189767,0.032756410256410254
26608,0.08349999999999999,0.36523809523809525,0.551261904761905
26609,0.15259523809523812,0.24307142857142858,0.6043333333333334
26610,0.27713492063492057,0.6811984126984126,0.04166666666666667
26611,0.2143737373737374,0.37360101010101,0.4120252525252526
26612,0.14023809523809525,0.5141666666666667,0.3455952380952381
26613,0.19584920634920636,0.30223015873015874,0.5019206349206349
26614,0.09843253968253966,0.15876984126984126,0.7427976190476191
26615,0.13733333333333334,0.31097619047619046,0.5516904761904761
26616,0.25976190476190475,0.25579365079365074,0.48444444444444446
26617,0.3558095238095238,0.20071428571428573,0.44347619047619047
26618,0.12829761904761902,0.261234126984127,0.610468253968254
26619,0.2411919191919192,0.3835003607503608,0.37530772005772
26620,0.2346283355346429,0.719141075805191,0.046230588660166126
26621,0.29972619047619053,0.28367857142857145,0.4165952380952382
26622,0.15479914529914526,0.3293550061050061,0.5158458485958486
26623,0.06677777777777778,0.40208333333333324,0.5311388888888889
26624,0.11885461760461759,0.3823918858918859,0.4987534965034965
26625,0.2672904101439907,0.26566727716727717,0.4670423126887321
26626,0.14865873015873018,0.21988888888888888,0.6314523809523809
26627,0.1060714285714286,0.26430952380952377,0.6296190476190473
26628,0.09014285714285716,0.3386488095238095,0.5712083333333334
26629,0.21548901098901097,0.21975274725274724,0.5647582417582416
26630,0.09406684059398036,0.37402010807183006,0.5319130513341896
26631,0.14905555555555552,0.2596666666666667,0.5912777777777778
26632,0.13433333333333336,0.32505555555555554,0.540611111111111
26633,0.11659668109668113,0.12513131313131312,0.7582720057720057
26634,0.12917857142857142,0.24318650793650798,0.6276349206349205
26635,0.21950793650793649,0.39051984126984124,0.3899722222222222
26636,0.1442051282051282,0.34346153846153854,0.5123333333333333
26637,0.1416666666666667,0.15816666666666668,0.7001666666666666
26638,0.16981746031746034,0.5125988455988456,0.3175836940836941
26639,0.25917589561738497,0.3975309400068639,0.3432931643757511
26640,0.15988888888888886,0.2137222222222222,0.6263888888888889
26641,0.2318452380952381,0.5288203463203464,0.23933441558441554
26642,0.16025396825396826,0.25471031746031747,0.5850357142857143
26643,0.09843085058216636,0.4083580204517705,0.4932111289660633
26644,0.11010461760461757,0.1910901875901876,0.6988051948051947
26645,0.11074206349206349,0.2683055555555555,0.6209523809523809
26646,0.34232539682539675,0.19607936507936505,0.4615952380952381
26647,0.18464972527472523,0.32639941308691306,0.48895086163836154
26648,0.14051190476190478,0.3571944444444444,0.5022936507936507
26649,0.27731453634085207,0.23201347117794488,0.4906719924812031
26650,0.41551190476190486,0.5444880952380953,0.04
26651,0.38407142857142856,0.5404047619047619,0.07552380952380952
26652,0.16033333333333333,0.18980952380952384,0.6498571428571429
26653,0.2472350427350427,0.25601465201465207,0.49675030525030534
26654,0.1311431115181115,0.4164988044363045,0.45235808404558403
26655,0.09077777777777778,0.4230158730158731,0.48620634920634925
26656,0.13858333333333334,0.29266666666666663,0.56875
26657,0.1947063492063492,0.1774047619047619,0.627888888888889
26658,0.09416666666666665,0.2294285714285714,0.6764047619047617
26659,0.21638095238095237,0.3340000000000001,0.44961904761904753
26660,0.13300000000000003,0.3396666666666666,0.5273333333333333
26661,0.10093468468468467,0.22506851588430535,0.6739967994310098
26662,0.06256818181818181,0.27166666666666667,0.6657651515151515
26663,0.13591575091575092,0.442684065934066,0.42140018315018307
26664,0.13917460317460317,0.24261570593149542,0.6182096908939013
26665,0.14630952380952386,0.2519047619047619,0.6017857142857143
26666,0.14476190476190476,0.34522698412698416,0.5100111111111112
26667,0.1245330201199766,0.27462068004459306,0.6008462998354304
26668,0.13597222222222224,0.2873611111111111,0.5766666666666667
26669,0.10151932094969814,0.40436004391789737,0.49412063513240434
26670,0.07741666666666666,0.2692380952380952,0.653345238095238
26671,0.11822134189832294,0.2877031842270838,0.5940754738745931
26672,0.10066666666666667,0.2881666666666666,0.6111666666666666
26673,0.2858333333333333,0.26816666666666666,0.446
26674,0.4534761904761905,0.199,0.3475238095238095
26675,0.06574603174603175,0.30323809523809525,0.631015873015873
26676,0.1670079365079365,0.17840079365079364,0.6545912698412698
26677,0.11104761904761906,0.15433333333333332,0.7346190476190476
26678,0.1030128205128205,0.3704048174048175,0.5265823620823622
26679,0.2379880952380952,0.2824047619047619,0.4796071428571429
26680,0.09933333333333333,0.2208333333333333,0.6798333333333333
26681,0.06921679197994987,0.29895238095238097,0.6318308270676694
26682,0.1176264017905809,0.3259026011100092,0.5564709970994098
26683,0.1776666666666667,0.2583611111111111,0.5639722222222222
26684,0.11954545454545457,0.30725186649099695,0.5732026789635485
26685,0.14263492063492061,0.32380158730158726,0.5335634920634921
26686,0.07961904761904762,0.3148257575757576,0.6055551948051948
26687,0.17517643467643468,0.3521844856532357,0.4726390796703296
26688,0.25873412698412696,0.3837460317460317,0.3575198412698412
26689,0.1464385964912281,0.28866917293233085,0.5648922305764411
26690,0.07217816091954023,0.2733793103448276,0.6544425287356321
26691,0.12066666666666666,0.24233333333333337,0.637
26692,0.064,0.32654365079365083,0.6094563492063493
26693,0.08776190476190475,0.33746031746031746,0.5747777777777778
26694,0.5770476190476189,0.37528571428571433,0.04766666666666666
26695,0.17391666666666666,0.2060277777777778,0.6200555555555556
26696,0.1264670868347339,0.35724999999999996,0.5162829131652661
26697,0.16427116402116404,0.19564814814814813,0.6400806878306878
26698,0.14741393767535763,0.22873273234033684,0.6238533299843055
26699,0.14930322128851542,0.4548412698412698,0.3958555088702147
26700,0.22821428571428573,0.3036309523809524,0.4681547619047619
26701,0.24173448773448775,0.33406421356421356,0.4242012987012987
26702,0.1968327815974875,0.2848311476105594,0.5183360707919532
26703,0.13260714285714287,0.24384335839598997,0.623549498746867
26704,0.2162380952380952,0.340554945054945,0.4432069597069598
26705,0.28398534607155296,0.20560817534955464,0.5104064785788924
26706,0.0735,0.2228956043956044,0.7036043956043955
26707,0.29107142857142854,0.1921904761904762,0.5167380952380952
26708,0.10946417021417021,0.3690152625152625,0.5215205672705673
26709,0.20582234432234434,0.19860989010989014,0.5955677655677656
26710,0.18677442002442,0.32358272283272277,0.4896428571428571
26711,0.16516666666666666,0.2819047619047619,0.5529285714285713
26712,0.22020238095238098,0.2082857142857143,0.5715119047619048
26713,0.17397619047619045,0.30600000000000005,0.5200238095238097
26714,0.12791666666666668,0.23372619047619053,0.6383571428571427
26715,0.12520363408521304,0.3117932330827068,0.5630031328320801
26716,0.20768290043290044,0.4252045454545454,0.36711255411255417
26717,0.29195238095238096,0.2562103174603175,0.45183730158730157
26718,0.14797619047619048,0.3069166666666666,0.5451071428571429
26719,0.23703968253968252,0.3131825396825397,0.44977777777777783
26720,0.0938015873015873,0.24840079365079365,0.657797619047619
26721,0.11067816091954023,0.30237931034482757,0.5869425287356322
26722,0.1888825863678805,0.297281746031746,0.5138356676003736
26723,0.24304761904761904,0.23651190476190478,0.5204404761904762
26724,0.2949015151515152,0.3852467532467532,0.3198517316017316
26725,0.07649999999999998,0.1997948717948718,0.723705128205128
26726,0.15966666666666668,0.2848650793650794,0.5554682539682539
26727,0.12333333333333334,0.1575,0.7191666666666666
26728,0.1255103785103785,0.39115689865689857,0.48333272283272277
26729,0.1939642857142857,0.12309523809523806,0.6829404761904762
26730,0.24933333333333338,0.5099999999999999,0.24066666666666664
26731,0.2974206349206349,0.20851587301587304,0.4940634920634921
26732,0.3018180708180708,0.6498485958485958,0.04833333333333333
26733,0.22887301587301587,0.14612698412698413,0.6250000000000001
26734,0.11025694444444444,0.19571031746031742,0.6940327380952378
26735,0.0763095238095238,0.2796904761904762,0.644
26736,0.12861111111111112,0.17349603174603176,0.6978928571428571
26737,0.1486111111111111,0.31486507936507935,0.5365238095238094
26738,0.07767929292929292,0.30913888888888885,0.6131818181818182
26739,0.2521152162014231,0.24512260536398464,0.5027621784345923
26740,0.09281045751633987,0.2513174603174603,0.6558720821661999
26741,0.30904761904761907,0.6538095238095238,0.03714285714285714
26742,0.07507575757575757,0.47154545454545455,0.45337878787878794
26743,0.15787781797933603,0.3308488712601616,0.5112733107605024
26744,0.2524502164502164,0.2996948051948052,0.4478549783549783
26745,0.13604239926739928,0.24303489010989007,0.6209227106227104
26746,0.11675,0.2871666666666666,0.5960833333333332
26747,0.060888888888888895,0.36547222222222225,0.5736388888888889
26748,0.29903546332894154,0.401195542380325,0.2997689942907334
26749,0.11149999999999999,0.12269444444444444,0.7658055555555553
26750,0.13866666666666666,0.22316666666666662,0.6381666666666665
26751,0.13266666666666668,0.2206515151515151,0.646681818181818
26752,0.14669444444444443,0.46013888888888876,0.3931666666666666
26753,0.11311102954903805,0.24934017016175092,0.6375488002892109
26754,0.1533095238095238,0.1688095238095238,0.6778809523809524
26755,0.12023809523809526,0.3029891774891775,0.5767727272727273
26756,0.20619841269841266,0.27988888888888885,0.5139126984126984
26757,0.08016842065979997,0.3646697143852316,0.5551618649549684
26758,0.20842063492063495,0.30437103174603175,0.4872083333333334
26759,0.20681746031746034,0.26737698412698413,0.5258055555555555
26760,0.10735714285714285,0.442781746031746,0.44986111111111104
26761,0.22323015873015867,0.3146825396825397,0.4620873015873016
26762,0.12803571428571428,0.28482002801120454,0.5871442577030813
26763,0.06196825396825397,0.3461269841269841,0.5919047619047619
26764,0.09223809523809524,0.3205642135642136,0.5871976911976912
26765,0.24384523809523814,0.2910952380952381,0.4650595238095238
26766,0.07230158730158731,0.577031746031746,0.3506666666666667
26767,0.18560714285714286,0.23849999999999993,0.5758928571428572
26768,0.11925396825396824,0.7979126984126982,0.08283333333333333
26769,0.09159523809523812,0.3492261904761904,0.5591785714285716
26770,0.30570494211670685,0.33736348210612915,0.35693157577716406
26771,0.2849444444444444,0.6640555555555554,0.051000000000000004
26772,0.32198266499582295,0.18608500417710944,0.49193233082706767
26773,0.1907619047619048,0.27371031746031743,0.5355277777777778
26774,0.26964285714285713,0.21457142857142855,0.5157857142857142
26775,0.11,0.43820634920634915,0.4517936507936509
26776,0.13352380952380952,0.22394444444444442,0.6425317460317459
26777,0.13820707070707072,0.20643434343434347,0.6553585858585859
26778,0.22646428571428573,0.3411785714285714,0.4323571428571429
26779,0.08819444444444445,0.2791111111111111,0.6326944444444444
26780,0.26678968253968255,0.24051587301587296,0.49269444444444455
26781,0.1164404761904762,0.2974206349206349,0.5861388888888889
26782,0.14155172413793105,0.23626149425287352,0.6221867816091954
26783,0.2459444444444444,0.2766666666666666,0.4773888888888888
26784,0.18961428571428565,0.24453809523809525,0.565847619047619
26785,0.16878388278388276,0.17726495726495728,0.6539511599511598
26786,0.40376190476190466,0.29554761904761906,0.3006904761904762
26787,0.20666666666666667,0.18116666666666667,0.6121666666666669
26788,0.14753546453546457,0.18206410256410258,0.670400432900433
26789,0.14372183080077816,0.33472913051860415,0.5215490386806176
26790,0.13849999999999998,0.31739682539682534,0.5441031746031745
26791,0.13450000000000004,0.19472222222222219,0.6707777777777777
26792,0.19685714285714287,0.33794047619047624,0.465202380952381
26793,0.24309523809523811,0.2797142857142857,0.4771904761904763
26794,0.09914285714285714,0.32088461538461543,0.5799725274725274
26795,0.14274285714285712,0.25297777777777775,0.604279365079365
26796,0.379904761904762,0.595095238095238,0.024999999999999994
26797,0.12487301587301587,0.3468968253968254,0.5282301587301587
26798,0.15368650793650793,0.3765079365079365,0.46980555555555553
26799,0.1127379721038489,0.3291769704046743,0.5580850574914767
26800,0.2593492063492064,0.691484126984127,0.049166666666666664
26801,0.12805555555555553,0.27627777777777784,0.5956666666666667
26802,0.15203174603174602,0.35324145299145293,0.494726800976801
26803,0.08274206349206349,0.2543015873015873,0.6629563492063493
26804,0.09591269841269842,0.3189047619047619,0.5851825396825397
26805,0.12819047619047622,0.22939285714285718,0.6424166666666666
26806,0.18126334776334777,0.2930530303030303,0.5256836219336218
26807,0.12738888888888888,0.2215555555555555,0.6510555555555555
26808,0.22600091575091574,0.41234798534798534,0.36165109890109903
26809,0.2515,0.3130416666666667,0.43545833333333334
26810,0.07065151515151516,0.2527619047619047,0.6765865800865801
26811,0.1187202380952381,0.33023809523809516,0.5510416666666667
26812,0.10885178227569531,0.3639419726811032,0.5272062450432016
26813,0.13303174603174603,0.321047619047619,0.5459206349206349
26814,0.08476190476190475,0.23943650793650792,0.6758015873015872
26815,0.0909920634920635,0.28300793650793643,0.6259999999999999
26816,0.10655094422485725,0.38236456297325866,0.511084492801884
26817,0.21425208855472014,0.14506996658312446,0.6406779448621555
26818,0.10540781440781442,0.21658943833943833,0.6780027472527472
26819,0.1728333333333333,0.22898809523809519,0.5981785714285714
26820,0.2884285714285715,0.6722380952380952,0.03933333333333334
26821,0.27935714285714286,0.665642857142857,0.05500000000000001
26822,0.12155263157894738,0.2631666666666666,0.615280701754386
26823,0.10260714285714286,0.26096918767507005,0.6364236694677872
26824,0.08806060606060603,0.24978246753246758,0.6621569264069264
26825,0.12604761904761907,0.24199999999999997,0.6319523809523809
26826,0.10383333333333333,0.2142380952380952,0.6819285714285717
26827,0.25263596491228063,0.2926622807017544,0.45470175438596483
26828,0.14360714285714285,0.24602380952380948,0.6103690476190476
26829,0.16358333333333333,0.2767380952380952,0.5596785714285714
26830,0.2542619047619048,0.2093095238095238,0.5364285714285715
26831,0.2511115779645191,0.21947338935574234,0.5294150326797386
26832,0.1070714285714286,0.23728571428571427,0.6556428571428572
26833,0.13906704980842913,0.2278527640941434,0.6330801860974273
26834,0.16225000000000006,0.2099047619047619,0.6278452380952381
26835,0.2884999999999999,0.3488333333333333,0.36266666666666664
26836,0.14800427350427348,0.36878174603174607,0.4832139804639805
26837,0.09797076023391814,0.20529532163742686,0.6967339181286549
26838,0.1887628205128205,0.26009848484848486,0.5511386946386946
26839,0.3381388888888889,0.2191388888888889,0.44272222222222224
26840,0.33367062599236524,0.27249786493699535,0.3938315090706396
26841,0.11630555555555556,0.2002222222222222,0.6834722222222223
26842,0.09823636991028296,0.3094568040654997,0.5923068260242174
26843,0.2883452380952381,0.2212109213250517,0.49044384057971024
26844,0.08152380952380951,0.5291111111111112,0.3893650793650794
26845,0.4912985347985348,0.1965989010989011,0.31210256410256404
26846,0.1157420634920635,0.2633055555555555,0.6209523809523809
26847,0.13583333333333333,0.26911111111111113,0.5950555555555556
26848,0.1629400584795322,0.18266520467836256,0.6543947368421054
26849,0.11652380952380953,0.25126190476190474,0.6322142857142857
26850,0.0832857142857143,0.3524920634920634,0.5642222222222222
26851,0.0825263157894737,0.2232318295739349,0.6942418546365916
26852,0.24243468468468468,0.27106851588430536,0.48649679943100993
26853,0.13047619047619047,0.1771666666666667,0.6923571428571428
26854,0.17417857142857143,0.7404880952380952,0.08533333333333333
26855,0.22104942279942277,0.4350440539852305,0.34390652321534676
26856,0.07733333333333332,0.1531825396825397,0.769484126984127
26857,0.1347142857142857,0.22966666666666666,0.6356190476190475
26858,0.1722936507936508,0.45770436507936507,0.37000198412698404
26859,0.10995670995670995,0.336948051948052,0.5530952380952382
26860,0.11372893772893772,0.48931102231102236,0.3969600399600398
26861,0.2726785714285714,0.25307142857142856,0.47424999999999995
26862,0.13990241240241238,0.3871013746601982,0.47299621293738936
26863,0.14543650793650795,0.28969841269841273,0.5648650793650793
26864,0.17323809523809522,0.4308452380952381,0.39591666666666664
26865,0.2515952380952381,0.2400833333333333,0.5083214285714286
26866,0.15076190476190476,0.3228571428571429,0.5263809523809525
26867,0.21437912087912087,0.2956620879120879,0.48995879120879116
26868,0.16427777777777777,0.2610833333333332,0.5746388888888887
26869,0.13866666666666666,0.10633333333333334,0.755
26870,0.3195476190476191,0.348,0.33245238095238094
26871,0.1250931013431013,0.3445950547589267,0.5303118438979719
26872,0.06871428571428571,0.27207936507936514,0.6592063492063492
26873,0.11034126984126981,0.37188095238095237,0.5177777777777778
26874,0.15141156462585037,0.2870068027210884,0.5615816326530614
26875,0.08277380952380951,0.22549999999999998,0.6917261904761903
26876,0.12955036075036078,0.23403131313131312,0.6364183261183263
26877,0.18483333333333335,0.24180952380952384,0.573357142857143
26878,0.28541125541125545,0.2638809523809524,0.4507077922077924
26879,0.16655952380952377,0.33175,0.5016904761904762
26880,0.26970634920634917,0.2712817460317461,0.45901190476190473
26881,0.1153095238095238,0.32752380952380955,0.5571666666666666
26882,0.4629233954451346,0.20202173913043478,0.33505486542443075
26883,0.21440476190476196,0.26716666666666666,0.5184285714285715
26884,0.1425,0.2885760233918128,0.568923976608187
26885,0.06486111111111112,0.22659126984126982,0.708547619047619
26886,0.07555555555555556,0.28784768740031896,0.6365967570441253
26887,0.10377380952380953,0.2431904761904762,0.6530357142857142
26888,0.24028095238095237,0.27080952380952383,0.48890952380952385
26889,0.10683333333333334,0.21145454545454548,0.6817121212121212
26890,0.08991666666666669,0.4537222222222222,0.45636111111111105
26891,0.08493837535014005,0.4144427597125806,0.5006188649372794
26892,0.21441666666666662,0.262,0.5235833333333333
26893,0.1627560517016822,0.3346324904769372,0.5026114578213807
26894,0.11791853408029879,0.18298692810457515,0.6990945378151261
26895,0.15142063492063496,0.28655555555555556,0.5620238095238095
26896,0.1448333333333333,0.44940359477124175,0.4057630718954248
26897,0.09146825396825395,0.31381746031746033,0.5947142857142856
26898,0.1585277777777778,0.2408575036075036,0.6006147186147186
26899,0.265547619047619,0.18330357142857145,0.5511488095238095
26900,0.18833333333333332,0.2716634199134199,0.5400032467532468
26901,0.13815218115218117,0.34574777999778,0.516100038850039
26902,0.13766666666666666,0.20911111111111108,0.6532222222222223
26903,0.16352380952380952,0.2741666666666666,0.5623095238095238
26904,0.29,0.6566666666666666,0.05333333333333333
26905,0.22005555555555553,0.25728968253968254,0.522654761904762
26906,0.04833333333333333,0.19149999999999995,0.7601666666666667
26907,0.1340827824418088,0.2723068598068598,0.5936103577513312
26908,0.11986106135244062,0.5465433381433382,0.33359560050422127
26909,0.142,0.4362500000000001,0.42174999999999996
26910,0.11210317460317461,0.31214285714285717,0.5757539682539683
26911,0.1636868686868687,0.2980555555555555,0.5382575757575757
26912,0.12785714285714284,0.23480952380952377,0.6373333333333334
26913,0.3051706349206349,0.27068253968253964,0.4241468253968253
26914,0.06916666666666665,0.18727777777777777,0.7435555555555556
26915,0.22115873015873017,0.17157936507936505,0.6072619047619049
26916,0.29653968253968255,0.6667936507936508,0.03666666666666667
26917,0.24276190476190476,0.3325422932330827,0.42469580200501256
26918,0.12283333333333334,0.2780674603174603,0.5990992063492062
26919,0.40281349206349193,0.3345158730158731,0.2626706349206349
26920,0.0771904761904762,0.17823376623376622,0.7445757575757577
26921,0.13364285714285715,0.40302380952380956,0.4633333333333334
26922,0.1957337662337662,0.3957240467865467,0.40854218697968697
26923,0.15519047619047618,0.2629404761904762,0.5818690476190477
26924,0.1243630674880675,0.3472800983738484,0.5283568341380841
26925,0.12043650793650794,0.2566428571428571,0.6229206349206349
26926,0.17486507936507936,0.2987222222222223,0.5264126984126984
26927,0.16728460023122943,0.3367177772290132,0.4959976225397573
26928,0.1355833333333333,0.8494166666666666,0.015
26929,0.0711086691086691,0.2858598901098901,0.6430314407814408
26930,0.08145238095238094,0.3779285714285714,0.5406190476190476
26931,0.390391186299081,0.5746088137009191,0.035
26932,0.22563492063492066,0.2584126984126984,0.515952380952381
26933,0.40233220402785624,0.24845256916996047,0.3492152268021833
26934,0.19322710622710623,0.3031456043956044,0.5036272893772893
26935,0.152359292881032,0.2577196209587514,0.5899210861602165
26936,0.1893809523809524,0.26876190476190476,0.5418571428571428
26937,0.15247619047619046,0.32585714285714285,0.5216666666666666
26938,0.3163015873015873,0.6520317460317461,0.03166666666666666
26939,0.21623809523809526,0.7137619047619048,0.07
26940,0.0853095238095238,0.27240476190476187,0.6422857142857142
26941,0.07496825396825396,0.25740909090909087,0.667622655122655
26942,0.18139285714285716,0.34996031746031747,0.46864682539682534
26943,0.14861111111111114,0.4889166666666666,0.3624722222222222
26944,0.157254329004329,0.22154437229437232,0.6212012987012987
26945,0.18252994306418216,0.4325416925465838,0.38492836438923406
26946,0.23842857142857138,0.2514404761904762,0.5101309523809523
26947,0.08416666666666667,0.17826190476190476,0.7375714285714287
26948,0.19358885558885558,0.2847455322455323,0.5216656121656122
26949,0.13377777777777777,0.29740079365079364,0.5688214285714285
26950,0.21639285714285714,0.2356547619047619,0.547952380952381
26951,0.409770202020202,0.28622799422799416,0.30400180375180375
26952,0.19778571428571431,0.33973015873015866,0.462484126984127
26953,0.09588345864661654,0.1815175438596491,0.7225989974937341
26954,0.1467142857142857,0.20602380952380947,0.6472619047619048
26955,0.12238888888888891,0.35880555555555554,0.5188055555555555
26956,0.294457264957265,0.23290445665445667,0.4726382783882784
26957,0.3592748800669693,0.2738604671753759,0.36686465275765484
26958,0.17866666666666667,0.2563333333333333,0.5650000000000001
26959,0.17587734487734485,0.34508333333333324,0.4790393217893218
26960,0.12450793650793647,0.36938095238095237,0.5061111111111112
26961,0.2906190476190476,0.2384047619047619,0.4709761904761905
26962,0.08673809523809524,0.4064257575757575,0.5068361471861472
26963,0.08776190476190475,0.33746031746031746,0.5747777777777778
26964,0.17349600679005714,0.36687160335215263,0.45963238985779037
26965,0.13273666371942236,0.3896437294173427,0.47761960686323496
26966,0.1448333333333333,0.44940359477124175,0.4057630718954248
26967,0.10966666666666666,0.19325,0.6970833333333334
26968,0.2921666666666667,0.27985714285714286,0.42797619047619057
26969,0.20676984126984127,0.24230952380952378,0.5509206349206349
26970,0.15346825396825398,0.3569761904761905,0.4895555555555556
26971,0.1435714285714286,0.2631341991341991,0.5932943722943722
26972,0.1469722222222222,0.2633848708762502,0.5896429069015275
26973,0.1509375,0.31186210317460317,0.5372003968253968
26974,0.21504761904761907,0.23142857142857143,0.5535238095238095
26975,0.20071428571428573,0.17286904761904762,0.6264166666666667
26976,0.26008333333333333,0.6999166666666666,0.04
26977,0.09683333333333334,0.28741666666666665,0.6157500000000001
26978,0.17168455228981547,0.25151617680565047,0.5767992709045341
26979,0.2226111111111111,0.31383333333333335,0.4635555555555556
26980,0.1511269841269841,0.2100873015873016,0.6387857142857144
26981,0.13263492063492063,0.4736634199134199,0.3937016594516595
26982,0.12083333333333333,0.3175,0.5616666666666666
26983,0.14517676767676768,0.27970707070707074,0.5751161616161617
26984,0.2924285714285714,0.23691666666666664,0.4706547619047619
26985,0.1250515873015873,0.3566746031746032,0.5182738095238095
26986,0.08538492063492063,0.14347222222222222,0.7711428571428571
26987,0.11029357408730472,0.34762573221483833,0.542080693697857
26988,0.16456349206349208,0.3836507936507937,0.4517857142857143
26989,0.0887202380952381,0.2816968101343101,0.6295829517704518
26990,0.09957142857142857,0.27309523809523806,0.6273333333333333
26991,0.16661111111111113,0.2089841269841269,0.6244047619047619
26992,0.09806349206349209,0.3762222222222221,0.5257142857142858
26993,0.05780952380952381,0.29325,0.6489404761904761
26994,0.3135634920634921,0.2989603174603174,0.38747619047619053
26995,0.08172222222222221,0.26405555555555554,0.6542222222222221
26996,0.1275485347985348,0.26832967032967026,0.6041217948717947
26997,0.2698793706293706,0.3755106837606837,0.35460994560994563
26998,0.2844761904761905,0.2251255411255411,0.49039826839826844
26999,0.2944603174603175,0.19591269841269834,0.509626984126984
27000,0.10971428571428571,0.4295357142857143,0.46074999999999994
27001,0.09616666666666668,0.33790800865800874,0.5659253246753245
27002,0.12405952380952381,0.19028571428571425,0.6856547619047619
27003,0.37069047619047624,0.21966666666666665,0.40964285714285714
27004,0.08364285714285714,0.24383333333333337,0.6725238095238096
27005,0.1588809523809524,0.36500000000000005,0.47611904761904744
27006,0.24752380952380945,0.24366666666666664,0.5088095238095238
27007,0.1316428571428571,0.33726190476190476,0.5310952380952381
27008,0.31866666666666665,0.273,0.4083333333333334
27009,0.21904761904761907,0.3391190476190477,0.4418333333333335
27010,0.12397619047619048,0.3482857142857143,0.5277380952380952
27011,0.14273913043478262,0.40392443064182193,0.4533364389233954
27012,0.18650472112428634,0.2779781510759771,0.5355171277997364
27013,0.2031111111111111,0.3460555555555556,0.4508333333333333
27014,0.082098915398144,0.4282292988918514,0.4896717857100047
27015,0.13638095238095238,0.36635392535392525,0.49726512226512226
27016,0.20715567765567763,0.31046794871794875,0.4823763736263737
27017,0.13704761904761906,0.3204761904761905,0.5424761904761906
27018,0.13327777777777777,0.1956150793650794,0.6711071428571428
27019,0.11944444444444445,0.24163888888888888,0.6389166666666668
27020,0.14850000000000002,0.44832539682539674,0.40317460317460324
27021,0.1420952380952381,0.3886547619047619,0.46924999999999994
27022,0.19341666666666665,0.21283333333333332,0.5937500000000001
27023,0.24899206349206351,0.25766666666666665,0.49334126984127
27024,0.141,0.31708730158730153,0.5419126984126983
27025,0.2075219298245614,0.23563742690058473,0.5568406432748538
27026,0.14423160173160177,0.23838961038961037,0.6173787878787879
27027,0.21924999999999997,0.20850000000000002,0.57225
27028,0.14049999999999999,0.29338888888888887,0.5661111111111111
27029,0.12241269841269842,0.26290476190476186,0.6146825396825397
27030,0.18076832797365416,0.4037356406343842,0.41549603139196145
27031,0.39486309523809515,0.3113630952380952,0.2937738095238095
27032,0.2456944444444445,0.199781746031746,0.5545238095238096
27033,0.28678571428571425,0.1932619047619048,0.519952380952381
27034,0.14921428571428572,0.2242748917748918,0.6265108225108225
27035,0.2578333333333333,0.3693333333333333,0.3728333333333334
27036,0.28833333333333333,0.19666666666666668,0.5149999999999999
27037,0.15183333333333335,0.25666666666666665,0.5914999999999999
27038,0.2821785714285714,0.24689285714285716,0.4709285714285715
27039,0.21254166666666674,0.2975833333333333,0.48987499999999995
27040,0.11152777777777777,0.251765873015873,0.6367063492063493
27041,0.05054761904761904,0.13291666666666668,0.8165357142857141
27042,0.3979960317460318,0.5845039682539682,0.0175
27043,0.13173015873015875,0.23294841269841268,0.6353214285714285
27044,0.10659056749923623,0.24734308003657848,0.6460663524641852
27045,0.14092627963026177,0.3379500367995081,0.5211236835702302
27046,0.11855952380952381,0.1688888888888889,0.7125515873015874
27047,0.10799999999999998,0.2770714285714286,0.6149285714285714
27048,0.2903095238095239,0.654690476190476,0.055
27049,0.16678571428571426,0.5153809523809523,0.3178333333333334
27050,0.07772222222222222,0.18203174603174602,0.740246031746032
27051,0.12864285714285717,0.3566269841269842,0.5147301587301587
27052,0.10788730158730159,0.2860904761904761,0.6060222222222222
27053,0.11594444444444446,0.3111031746031746,0.5729523809523809
27054,0.1465079365079365,0.2467738095238095,0.6067182539682539
27055,0.309046992481203,0.6567863408521302,0.034166666666666665
27056,0.2868611111111111,0.6764722222222223,0.03666666666666667
27057,0.11433333333333334,0.3082261904761905,0.5774404761904761
27058,0.12904891149040085,0.42246097342373945,0.4484901150858598
27059,0.12966666666666668,0.3065,0.5638333333333334
27060,0.06494444444444443,0.3625468975468976,0.572508658008658
27061,0.2548452380952381,0.27808333333333335,0.4670714285714287
27062,0.12191666666666669,0.28666666666666674,0.5914166666666667
27063,0.12816666666666668,0.23425,0.6375833333333333
27064,0.05733333333333334,0.15516666666666667,0.7875
27065,0.14558333333333334,0.21841666666666665,0.6359999999999999
27066,0.08257142857142856,0.15316666666666665,0.7642619047619048
27067,0.09447175047175048,0.4430931013431013,0.4624351481851482
27068,0.4331733954451346,0.2157003105590062,0.35112629399585926
27069,0.14854761904761904,0.21699999999999997,0.634452380952381
27070,0.12777086475615887,0.21609401709401704,0.6561351181498241
27071,0.26026190476190475,0.17558333333333337,0.5641547619047619
27072,0.14785353535353538,0.44665079365079374,0.4054956709956709
27073,0.13763304561285616,0.31125646747182145,0.5511104869153223
27074,0.13013642422215638,0.490916597899389,0.3789469778784547
27075,0.23475,0.26116666666666666,0.5040833333333333
27076,0.1520238095238095,0.24994047619047613,0.5980357142857143
27077,0.22718315018315016,0.26696367521367526,0.5058531746031746
27078,0.12039027639027636,0.3825571003071003,0.49705262330262334
27079,0.16015447461035695,0.35059920634920627,0.4892463190404367
27080,0.1379047619047619,0.5161666666666666,0.3459285714285714
27081,0.1602103174603175,0.2744404761904762,0.5653492063492063
27082,0.29203968253968254,0.1833769841269841,0.5245833333333334
27083,0.18313431013431014,0.24784798534798524,0.5690177045177044
27084,0.15556782106782108,0.35624314574314575,0.4881890331890331
27085,0.26491097308488615,0.17671014492753628,0.5583788819875778
27086,0.18352380952380953,0.22874999999999995,0.5877261904761903
27087,0.22833333333333333,0.21117171717171715,0.5604949494949495
27088,0.18859523809523812,0.23590476190476192,0.5755
