index,0,1,2
26457,0.01,0.19,0.8
26458,0.58,0.14,0.28
26459,0.01,0.08,0.91
26460,0.028999999999999998,0.04,0.9309999999999999
26461,0.045,0.19,0.765
26462,0.02,0.024,0.956
26463,0.45,0.5,0.05
26464,0.04,0.02,0.94
26465,0.03,0.12166666666666667,0.8483333333333334
26466,0.0,0.205,0.795
26467,0.03,0.045,0.925
26468,0.01,0.0,0.99
26469,0.85,0.0325,0.1175
26470,0.20166666666666663,0.2583333333333333,0.54
26471,0.0,0.03083333333333333,0.9691666666666666
26472,0.11,0.12,0.77
26473,0.01,0.04,0.95
26474,0.18333333333333332,0.7566666666666666,0.06
26475,0.5760000000000001,0.25,0.174
26476,0.01,0.05,0.94
26477,0.10416666666666666,0.13,0.7658333333333335
26478,0.02,0.04,0.94
26479,0.03666666666666667,0.03,0.9333333333333335
26480,0.02,0.03,0.95
26481,0.016666666666666666,0.7,0.2833333333333333
26482,0.08,0.0,0.92
26483,0.0,0.19,0.81
26484,0.145,0.14,0.715
26485,0.02,0.01,0.97
26486,0.04,0.15,0.81
26487,0.04666666666666667,0.10333333333333333,0.85
26488,0.04,0.84,0.12
26489,0.0,0.27,0.73
26490,0.12,0.16,0.72
26491,0.01,0.03,0.96
26492,0.013999999999999999,0.24,0.746
26493,0.85,0.15,0.0
26494,0.095,0.145,0.76
26495,0.015,0.04,0.945
26496,0.19,0.02,0.79
26497,0.02,0.93,0.05
26498,0.16,0.78,0.06
26499,0.0,0.01,0.99
26500,0.03,0.24,0.73
26501,0.08,0.52,0.4
26502,0.0,0.0,1.0
26503,0.09,0.68,0.23
26504,0.06333333333333334,0.31,0.6266666666666667
26505,0.045,0.02,0.935
26506,0.07,0.86,0.07
26507,0.11,0.79,0.1
26508,0.41,0.22,0.37
26509,0.14,0.12,0.74
26510,0.0,0.105,0.895
26511,0.05,0.02,0.93
26512,0.18,0.38,0.44
26513,0.01,0.003333333333333333,0.9866666666666666
26514,0.01,0.0,0.99
26515,0.195,0.0,0.805
26516,0.02333333333333333,0.27666666666666667,0.7
26517,0.36,0.59,0.05
26518,0.06,0.125,0.815
26519,0.835,0.04,0.125
26520,0.01,0.96,0.03
26521,0.01,0.06,0.93
26522,0.12,0.1,0.78
26523,0.08,0.25,0.67
26524,0.09,0.29,0.62
26525,0.3406666666666666,0.07933333333333333,0.58
26526,0.024,0.02,0.956
26527,0.02,0.85,0.13
26528,0.0725,0.9275,0.0
26529,0.52,0.04,0.44
26530,0.08,0.21666666666666667,0.7033333333333335
26531,0.0,0.0,1.0
26532,0.71,0.04,0.25
26533,0.04,0.18,0.78
26534,0.06,0.02,0.92
26535,0.0,0.04,0.96
26536,0.15,0.25,0.6
26537,0.03,0.09,0.88
26538,0.02,0.58,0.4
26539,0.01,0.08833333333333332,0.9016666666666667
26540,0.22,0.07,0.71
26541,0.01,0.04,0.95
26542,0.1,0.095,0.805
26543,0.04,0.01,0.95
26544,0.13,0.06,0.81
26545,0.01,0.22,0.77
26546,0.04,0.06,0.9
26547,0.02,0.0,0.98
26548,0.03,0.0,0.97
26549,0.24,0.74,0.02
26550,0.0,0.5096190476190476,0.49038095238095236
26551,0.0,0.605,0.395
26552,0.018333333333333333,0.06166666666666666,0.92
26553,0.01,0.03,0.96
26554,0.16,0.59,0.25
26555,0.07,0.04333333333333333,0.8866666666666666
26556,0.0,0.02,0.98
26557,0.02,0.03,0.95
26558,0.81,0.03,0.16
26559,0.19,0.01,0.8
26560,0.05,0.16,0.79
26561,0.02,0.1,0.88
26562,0.013333333333333332,0.04666666666666667,0.94
26563,0.08,0.09,0.83
26564,0.016666666666666666,0.06,0.9233333333333333
26565,0.04,0.88,0.08
26566,0.1,0.01,0.89
26567,0.0,0.0,1.0
26568,0.23,0.73,0.04
26569,0.005,0.13,0.865
26570,0.13,0.44,0.43
26571,0.05,0.025,0.925
26572,0.07,0.3216666666666667,0.6083333333333334
26573,0.08833333333333333,0.20166666666666663,0.71
26574,0.23,0.0475,0.7225
26575,0.07,0.09,0.84
26576,0.025,0.0,0.975
26577,0.14,0.10333333333333332,0.7566666666666666
26578,0.39,0.17,0.44
26579,0.12,0.73,0.15
26580,0.04,0.02,0.94
26581,0.06,0.1483809523809524,0.7916190476190477
26582,0.0,0.0,1.0
26583,0.04,0.02,0.94
26584,0.12,0.36,0.52
26585,0.01,0.9,0.09
26586,0.235,0.64,0.125
26587,0.0825,0.615,0.3025
26588,0.02,0.03,0.95
26589,0.07666666666666667,0.015,0.9083333333333333
26590,0.0,0.8016428571428572,0.19835714285714284
26591,0.22,0.7,0.08
26592,0.33333333333333337,0.05,0.6166666666666667
26593,0.21,0.7,0.09
26594,0.05,0.14,0.81
26595,0.0425,0.0075,0.95
26596,0.02,0.11571428571428571,0.8642857142857143
26597,0.16,0.41,0.43
26598,0.04,0.13,0.83
26599,0.03,0.039142857142857146,0.9308571428571429
26600,0.01,0.01,0.98
26601,0.03,0.29,0.68
26602,0.065,0.11,0.825
26603,0.09,0.125,0.785
26604,0.02,0.04,0.94
26605,0.03,0.1475,0.8225
26606,0.06833333333333333,0.5066666666666666,0.425
26607,0.12,0.88,0.0
26608,0.0425,0.055,0.9025
26609,0.03,0.03,0.94
26610,0.33416666666666667,0.6258333333333334,0.04
26611,0.01,0.13,0.86
26612,0.02,0.605,0.375
26613,0.05,0.26666666666666666,0.6833333333333332
26614,0.01,0.05,0.94
26615,0.21,0.11,0.68
26616,0.04,0.02,0.94
26617,0.1,0.11,0.79
26618,0.02,0.05,0.93
26619,0.13049999999999998,0.1675,0.7019999999999998
26620,0.13,0.87,0.0
26621,0.0,0.01,0.99
26622,0.0375,0.51,0.4525
26623,0.0,0.9166666666666667,0.08333333333333334
26624,0.02,0.22833333333333333,0.7516666666666667
26625,0.85,0.09,0.06
26626,0.25,0.03,0.72
26627,0.02,0.025,0.955
26628,0.02,0.01,0.97
26629,0.0,0.0,1.0
26630,0.02,0.2016666666666667,0.7783333333333334
26631,0.0,0.06,0.94
26632,0.5878571428571429,0.047142857142857146,0.365
26633,0.05,0.1,0.85
26634,0.01,0.045,0.945
26635,0.04,0.23,0.73
26636,0.01,0.40583333333333327,0.5841666666666667
26637,0.0,0.08349999999999999,0.9165000000000001
26638,0.01,0.95,0.04
26639,0.57,0.35,0.08
26640,0.044000000000000004,0.0885,0.8675
26641,0.03,0.912,0.057999999999999996
26642,0.03,0.02,0.95
26643,0.15,0.12,0.73
26644,0.04,0.09,0.87
26645,0.01,0.07,0.92
26646,0.67,0.02,0.31
26647,0.07714285714285714,0.04,0.8828571428571428
26648,0.05,0.84,0.11
26649,0.08833333333333333,0.06,0.8516666666666667
26650,0.89,0.1,0.01
26651,0.1725,0.7675,0.06
26652,0.64,0.01,0.35
26653,0.075,0.005,0.92
26654,0.06,0.7975,0.1425
26655,0.01,0.34,0.65
26656,0.07,0.034,0.8959999999999999
26657,0.11666666666666665,0.38333333333333336,0.5
26658,0.015,0.17,0.815
26659,0.14666666666666667,0.345,0.5083333333333333
26660,0.01,0.71,0.28
26661,0.03,0.07,0.9
26662,0.0,0.27,0.73
26663,0.05,0.5535,0.39649999999999996
26664,0.02,0.01,0.97
26665,0.15733333333333333,0.65,0.19266666666666665
26666,0.003333333333333333,0.8833333333333334,0.11333333333333334
26667,0.02,0.02,0.96
26668,0.02,0.92,0.06
26669,0.01,0.4395000000000001,0.5504999999999999
26670,0.52,0.23,0.25
26671,0.07,0.1865,0.7434999999999999
26672,0.0,0.0,1.0
26673,0.36,0.23,0.41
26674,0.7,0.04,0.26
26675,0.03,0.07,0.9
26676,0.01,0.02,0.97
26677,0.01,0.04,0.95
26678,0.135,0.535,0.33
26679,0.34,0.16833333333333336,0.4916666666666667
26680,0.01,0.035,0.955
26681,0.04,0.08,0.88
26682,0.01,0.14,0.85
26683,0.0,0.385,0.615
26684,0.013333333333333332,0.04666666666666666,0.94
26685,0.3411666666666667,0.061,0.5978333333333332
26686,0.03,0.02,0.95
26687,0.17,0.05,0.78
26688,0.07,0.92,0.01
26689,0.056666666666666664,0.21133333333333332,0.7319999999999999
26690,0.01,0.01,0.98
26691,0.02,0.15,0.83
26692,0.0,0.08,0.92
26693,0.33,0.02,0.65
26694,0.6601111111111111,0.33988888888888885,0.0
26695,0.03333333333333333,0.02,0.9466666666666665
26696,0.025,0.025,0.95
26697,0.02,0.01,0.97
26698,0.0,0.02,0.98
26699,0.11,0.6033333333333334,0.2866666666666666
26700,0.01,0.62,0.37
26701,0.11,0.3,0.59
26702,0.14666666666666667,0.29,0.5633333333333334
26703,0.04,0.12,0.84
26704,0.013333333333333332,0.03,0.9566666666666667
26705,0.02,0.01,0.97
26706,0.07,0.055999999999999994,0.8740000000000001
26707,0.62,0.0,0.38
26708,0.0275,0.21,0.7625
26709,0.04,0.01,0.95
26710,0.27,0.42,0.31
26711,0.38,0.08,0.54
26712,0.04,0.23,0.73
26713,0.15416666666666667,0.5258333333333333,0.32
26714,0.04297619047619047,0.14,0.8170238095238095
26715,0.01,0.63,0.36
26716,0.02,0.97,0.01
26717,0.01,0.15650000000000003,0.8335000000000001
26718,0.03333333333333333,0.07800000000000001,0.8886666666666666
26719,0.07666666666666666,0.19666666666666666,0.7266666666666667
26720,0.36733333333333335,0.02,0.6126666666666667
26721,0.01,0.4643333333333334,0.5256666666666665
26722,0.52,0.03,0.45
26723,0.105,0.0575,0.8375
26724,0.02,0.74,0.24
26725,0.02,0.05,0.93
26726,0.04083333333333333,0.84,0.11916666666666668
26727,0.02,0.01,0.97
26728,0.08,0.30666666666666664,0.6133333333333333
26729,0.46,0.06,0.48
26730,0.03,0.34,0.63
26731,0.04,0.02,0.94
26732,0.26833333333333337,0.6816666666666665,0.05
26733,0.02,0.0,0.98
26734,0.01,0.18,0.81
26735,0.02,0.05,0.93
26736,0.02,0.59,0.39
26737,0.20666666666666664,0.02,0.7733333333333334
26738,0.02,0.02,0.96
26739,0.76,0.02,0.22
26740,0.025,0.02,0.955
26741,0.21166666666666664,0.7083333333333333,0.08
26742,0.07,0.11,0.82
26743,0.2425,0.03,0.7275
26744,0.16083333333333336,0.09,0.7491666666666665
26745,0.0,0.02,0.98
26746,0.59,0.02,0.39
26747,0.07,0.78,0.15
26748,0.32,0.65,0.03
26749,0.01,0.14,0.85
26750,0.02,0.03,0.95
26751,0.05,0.115,0.835
26752,0.01,0.81,0.18
26753,0.17,0.04,0.79
26754,0.01,0.0,0.99
26755,0.0,0.035,0.965
26756,0.19,0.02,0.79
26757,0.05,0.07,0.88
26758,0.59,0.20800000000000002,0.20199999999999999
26759,0.09666666666666668,0.285,0.6183333333333334
26760,0.52,0.19,0.29
26761,0.01,0.11466666666666667,0.8753333333333333
26762,0.02,0.06,0.92
26763,0.03,0.07,0.9
26764,0.06,0.14,0.8
26765,0.05,0.04,0.91
26766,0.0,0.26,0.74
26767,0.065,0.17,0.765
26768,0.04,0.96,0.0
26769,0.28,0.24,0.48
26770,0.13,0.03,0.84
26771,0.08,0.91,0.01
26772,0.87,0.04,0.09
26773,0.10666666666666666,0.11,0.7833333333333333
26774,0.16,0.255,0.585
26775,0.0,0.25,0.75
26776,0.0,0.01,0.99
26777,0.02,0.12,0.86
26778,0.0,0.03,0.97
26779,0.045,0.075,0.88
26780,0.03,0.12,0.85
26781,0.005714285714285714,0.22,0.7742857142857144
26782,0.0,0.015,0.985
26783,0.17,0.04,0.79
26784,0.03,0.78,0.19
26785,0.02,0.17,0.81
26786,0.8433333333333333,0.05,0.10666666666666666
26787,0.0,0.0,1.0
26788,0.02,0.63,0.35
26789,0.02333333333333333,0.43,0.5466666666666666
26790,0.01,0.59,0.4
26791,0.04,0.03,0.93
26792,0.068,0.13,0.802
26793,0.0,0.19066666666666665,0.8093333333333333
26794,0.01,0.1,0.89
26795,0.01,0.4341666666666667,0.5558333333333332
26796,0.23,0.77,0.0
26797,0.0575,0.43533333333333324,0.5071666666666668
26798,0.74,0.13,0.13
26799,0.03,0.07,0.9
26800,0.07,0.85,0.08
26801,0.02,0.93,0.05
26802,0.085,0.02,0.895
26803,0.055,0.175,0.77
26804,0.02,0.04,0.94
26805,0.02,0.05,0.93
26806,0.0075,0.4925,0.5
26807,0.01,0.02,0.97
26808,0.0,0.19666666666666666,0.8033333333333335
26809,0.07,0.1,0.83
26810,0.0,0.12,0.88
26811,0.0,0.04,0.96
26812,0.01,0.03,0.96
26813,0.075,0.29333333333333333,0.6316666666666667
26814,0.15,0.13,0.72
26815,0.1,0.1825,0.7175
26816,0.0,0.71,0.29
26817,0.0,0.0275,0.9725
26818,0.055999999999999994,0.054000000000000006,0.89
26819,0.01,0.03,0.96
26820,0.125,0.865,0.01
26821,0.12,0.88,0.0
26822,0.14333333333333334,0.29333333333333333,0.5633333333333334
26823,0.01,0.09,0.9
26824,0.0,0.02,0.98
26825,0.03,0.07,0.9
26826,0.05428571428571429,0.04,0.9057142857142857
26827,0.06,0.11,0.83
26828,0.08428571428571428,0.17,0.7457142857142857
26829,0.04,0.03,0.93
26830,0.01,0.07416666666666667,0.9158333333333334
26831,0.04,0.056666666666666664,0.9033333333333334
26832,0.01,0.02,0.97
26833,0.02,0.04,0.94
26834,0.02,0.23,0.75
26835,0.97,0.0,0.03
26836,0.11833333333333332,0.5616666666666668,0.32
26837,0.22,0.03,0.75
26838,0.006666666666666666,0.7458333333333335,0.24750000000000003
26839,0.96,0.0,0.04
26840,0.13,0.1,0.77
26841,0.01,0.02,0.97
26842,0.0,0.03,0.97
26843,0.04,0.13,0.83
26844,0.0,0.78,0.22
26845,0.3666666666666667,0.01,0.6233333333333334
26846,0.015,0.05,0.935
26847,0.24,0.114,0.6459999999999999
26848,0.15,0.05,0.8
26849,0.09,0.03,0.88
26850,0.12166666666666666,0.29600000000000004,0.5823333333333333
26851,0.15333333333333335,0.24,0.6066666666666667
26852,0.01,0.88,0.11
26853,0.02,0.02,0.96
26854,0.146,0.8240000000000001,0.03
26855,0.05,0.16,0.79
26856,0.24,0.01,0.75
26857,0.03,0.52,0.45
26858,0.02,0.89,0.09
26859,0.0,0.72,0.28
26860,0.01,0.93,0.06
26861,0.056666666666666664,0.55,0.3933333333333333
26862,0.01,0.12,0.87
26863,0.003333333333333333,0.04,0.9566666666666666
26864,0.01,0.6366666666666666,0.35333333333333333
26865,0.04,0.165,0.795
26866,0.02,0.01,0.97
26867,0.185,0.08,0.735
26868,0.07,0.08,0.85
26869,0.0,0.01,0.99
26870,0.01,0.91,0.08
26871,0.25,0.06,0.69
26872,0.01,0.13,0.86
26873,0.0,0.06849999999999999,0.9314999999999999
26874,0.05,0.64,0.31
26875,0.0,0.5168095238095237,0.4831904761904762
26876,0.02,0.04,0.94
26877,0.02,0.04,0.94
26878,0.10300000000000001,0.3565,0.5405
26879,0.0,0.03,0.97
26880,0.71,0.02,0.27
26881,0.04,0.075,0.885
26882,0.4,0.0,0.6
26883,0.02,0.11,0.87
26884,0.0,0.8033333333333332,0.19666666666666668
26885,0.64,0.01,0.35
26886,0.01,0.01,0.98
26887,0.03,0.06,0.91
26888,0.3345,0.15083333333333335,0.5146666666666667
26889,0.0,0.03,0.97
26890,0.0,0.285,0.715
26891,0.05,0.74,0.21
26892,0.04,0.07,0.89
26893,0.03,0.03,0.94
26894,0.01,0.03,0.96
26895,0.04,0.46,0.5
26896,0.03,0.3,0.67
26897,0.03,0.22,0.75
26898,0.04433333333333333,0.01,0.9456666666666668
26899,0.07,0.24,0.69
26900,0.0,0.21,0.79
26901,0.0,0.02,0.98
26902,0.04,0.0,0.96
26903,0.05,0.1,0.85
26904,0.125,0.785,0.09
26905,0.055,0.04166666666666666,0.9033333333333334
26906,0.02,0.0,0.98
26907,0.05,0.07,0.88
26908,0.0,0.01,0.99
26909,0.02,0.8966666666666667,0.08333333333333331
26910,0.13,0.21,0.66
26911,0.02,0.01,0.97
26912,0.0,0.02,0.98
26913,0.09,0.01,0.9
26914,0.0,0.17183333333333334,0.8281666666666665
26915,0.09,0.2,0.71
26916,0.19,0.75,0.06
26917,0.01,0.04,0.95
26918,0.02,0.1366666666666667,0.8433333333333334
26919,0.89,0.09,0.02
26920,0.02,0.09,0.89
26921,0.0,0.8219999999999998,0.17800000000000002
26922,0.09,0.37,0.54
26923,0.03,0.05,0.92
26924,0.09,0.05,0.86
26925,0.04,0.07,0.89
26926,0.2016666666666667,0.3283333333333333,0.47
26927,0.14,0.06166666666666667,0.7983333333333333
26928,0.1,0.9,0.0
26929,0.03833333333333334,0.13166666666666668,0.83
26930,0.0,0.91,0.09
26931,0.295,0.635,0.07
26932,0.018333333333333333,0.75,0.23166666666666663
26933,0.68,0.08,0.24
26934,0.0325,0.1,0.8675
26935,0.01,0.04,0.95
26936,0.0,0.0,1.0
26937,0.09,0.3366666666666667,0.5733333333333333
26938,0.21,0.67,0.12
26939,0.32,0.67,0.01
26940,0.14333333333333334,0.0425,0.8141666666666667
26941,0.01,0.09666666666666666,0.8933333333333333
26942,0.075,0.24,0.685
26943,0.02,0.65,0.33
26944,0.03,0.09666666666666668,0.8733333333333334
26945,0.03,0.88,0.09
26946,0.0,0.0,1.0
26947,0.0,0.21,0.79
26948,0.075,0.10166666666666668,0.8233333333333335
26949,0.11,0.01,0.88
26950,0.08,0.01,0.91
26951,0.86,0.11,0.03
26952,0.11666666666666665,0.175,0.7083333333333333
26953,0.0,0.01,0.99
26954,0.016666666666666666,0.08,0.9033333333333333
26955,0.0175,0.9,0.0825
26956,0.05,0.57,0.38
26957,0.97,0.01,0.02
26958,0.63,0.028333333333333332,0.34166666666666673
26959,0.02,0.15,0.83
26960,0.04,0.057666666666666665,0.9023333333333333
26961,0.03,0.01,0.96
26962,0.03,0.9,0.07
26963,0.33,0.02,0.65
26964,0.02,0.17416666666666664,0.8058333333333334
26965,0.05,0.595,0.355
26966,0.03,0.3,0.67
26967,0.01,0.025,0.965
26968,0.07,0.38,0.55
26969,0.0,0.01,0.99
26970,0.12,0.03,0.85
26971,0.0,0.07,0.93
26972,0.16,0.66,0.18
26973,0.07,0.04,0.89
26974,0.06,0.025,0.915
26975,0.01,0.02,0.97
26976,0.16333333333333333,0.7566666666666667,0.08
26977,0.07,0.205,0.725
26978,0.0,0.28280952380952384,0.7171904761904762
26979,0.09,0.3,0.61
26980,0.025,0.13,0.845
26981,0.03,0.69,0.28
26982,0.05,0.09,0.86
26983,0.10666666666666667,0.16,0.7333333333333334
26984,0.03,0.2,0.77
26985,0.1,0.52,0.38
26986,0.03,0.0,0.97
26987,0.0,0.9,0.1
26988,0.0,0.84,0.16
26989,0.09,0.28922222222222227,0.6207777777777778
26990,0.03,0.0,0.97
26991,0.02,0.06,0.92
26992,0.04,0.6,0.36
26993,0.005,0.035,0.96
26994,0.19416666666666668,0.18600000000000003,0.6198333333333333
26995,0.003333333333333333,0.3,0.6966666666666665
26996,0.02333333333333333,0.07666666666666666,0.9
26997,0.4041666666666666,0.5858333333333333,0.01
26998,0.25,0.02,0.73
26999,0.59,0.06,0.35
27000,0.02,0.33,0.65
27001,0.01,0.7448333333333335,0.24516666666666664
27002,0.03,0.22,0.75
27003,0.14,0.09,0.77
27004,0.155,0.045,0.8
27005,0.04,0.69,0.27
27006,0.0,0.0,1.0
27007,0.055999999999999994,0.684,0.26
27008,0.04,0.41166666666666674,0.5483333333333333
27009,0.0,0.2,0.8
27010,0.056666666666666664,0.174,0.7693333333333334
27011,0.18,0.72,0.1
27012,0.04,0.01,0.95
27013,0.43,0.255,0.315
27014,0.03,0.64,0.33
27015,0.02,0.5073333333333333,0.4726666666666667
27016,0.013333333333333332,0.03,0.9566666666666667
27017,0.01,0.05,0.94
27018,0.06,0.03,0.91
27019,0.1975,0.225,0.5775
27020,0.0,0.7878809523809526,0.21211904761904762
27021,0.0,0.77,0.23
27022,0.1,0.15,0.75
27023,0.055,0.53,0.4149999999999999
27024,0.11,0.095,0.795
27025,0.02,0.02,0.9599999999999999
27026,0.0,0.03,0.97
27027,0.01,0.01,0.98
27028,0.6178571428571429,0.047142857142857146,0.335
27029,0.02,0.06,0.92
27030,0.0,0.1723333333333333,0.8276666666666667
27031,0.722,0.203,0.075
27032,0.19,0.05,0.76
27033,0.04,0.03,0.93
27034,0.19,0.13666666666666666,0.6733333333333333
27035,0.96,0.01,0.03
27036,0.0,0.013333333333333332,0.9866666666666667
27037,0.4,0.085,0.515
27038,0.01,0.04,0.95
27039,0.74,0.08,0.18
27040,0.13,0.01,0.86
27041,0.0,0.01,0.99
27042,0.21083333333333332,0.7191666666666667,0.07
27043,0.03,0.02,0.95
27044,0.01,0.0,0.99
27045,0.05,0.01,0.94
27046,0.02,0.05,0.93
27047,0.06,0.53,0.41
27048,0.6,0.4,0.0
27049,0.1,0.5,0.4
27050,0.03,0.02,0.95
27051,0.01,0.4281666666666667,0.5618333333333334
27052,0.03,0.05,0.92
27053,0.05,0.17,0.78
27054,0.03,0.04,0.93
27055,0.1408333333333333,0.8591666666666667,0.0
27056,0.17,0.81,0.02
27057,0.02,0.3725,0.6075
27058,0.51,0.26,0.23
27059,0.06,0.12,0.82
27060,0.07,0.21,0.72
27061,0.9,0.04,0.06
27062,0.445,0.05,0.505
27063,0.05,0.06,0.89
27064,0.0,0.0,1.0
27065,0.18,0.433,0.387
27066,0.01,0.03,0.96
27067,0.0,0.09,0.91
27068,0.76,0.01,0.23
27069,0.01,0.02,0.97
27070,0.01,0.0,0.99
27071,0.0,0.04,0.96
27072,0.0,0.17,0.83
27073,0.05523809523809524,0.2,0.7447619047619048
27074,0.02,0.6409999999999999,0.33899999999999997
27075,0.10335714285714286,0.08592857142857144,0.8107142857142857
27076,0.19,0.06,0.75
27077,0.04,0.01,0.95
27078,0.0,0.02,0.98
27079,0.0,0.17766666666666667,0.8223333333333335
27080,0.01,0.875,0.115
27081,0.05,0.03,0.92
27082,0.01,0.03,0.96
27083,0.09,0.1075,0.8025
27084,0.0,0.75,0.25
27085,0.01,0.01,0.98
27086,0.5083333333333333,0.12,0.37166666666666665
27087,0.03,0.22,0.75
27088,0.0,0.03,0.97
27089,0.11,0.13,0.76
27090,0.02,0.01,0.97
27091,0.16,0.64,0.2
27092,0.15833333333333333,0.7616666666666666,0.08
27093,0.07,0.715,0.215
27094,0.21,0.03,0.76
27095,0.01,0.01,0.98
27096,0.115,0.875,0.01
27097,0.08,0.65,0.27
27098,0.045,0.2016666666666667,0.7533333333333333
27099,0.0,0.02,0.98
27100,0.01,0.01,0.98
27101,0.04,0.24666666666666665,0.7133333333333334
27102,0.0,0.10633333333333334,0.8936666666666667
27103,0.0,0.11,0.89
27104,0.1442857142857143,0.11,0.7457142857142857
27105,0.01,0.0,0.99
27106,0.02,0.05,0.93
27107,0.04666666666666666,0.105,0.8483333333333334
27108,0.015,0.09,0.895
27109,0.1825,0.2875,0.53
27110,0.03,0.03,0.94
27111,0.016666666666666666,0.03,0.9533333333333333
27112,0.975,0.01,0.015
27113,0.01,0.01,0.98
27114,0.43,0.03,0.54
27115,0.25,0.64,0.11
27116,0.03,0.24,0.73
27117,0.04,0.25,0.71
27118,0.0,0.01,0.99
27119,0.02,0.925,0.055
27120,0.11,0.88,0.01
27121,0.15,0.77,0.08
27122,0.11,0.14666666666666667,0.7433333333333334
27123,0.13666666666666666,0.04666666666666667,0.8166666666666665
27124,0.61,0.12,0.27
27125,0.03,0.08,0.89
27126,0.04,0.02,0.94
27127,0.472,0.03,0.49800000000000005
27128,0.03,0.09266666666666666,0.8773333333333333
27129,0.11833333333333336,0.013999999999999999,0.8676666666666668
27130,0.04,0.0,0.96
27131,0.7093333333333334,0.01,0.28066666666666673
27132,0.17,0.01,0.82
27133,0.0,0.67,0.33
27134,0.01,0.64,0.35
27135,0.18,0.81,0.01
27136,0.1,0.62,0.28
27137,0.01,0.06,0.93
27138,0.75,0.03,0.22
27139,0.07933333333333333,0.15,0.7706666666666666
27140,0.63,0.03,0.34
27141,0.07,0.23,0.7
27142,0.58,0.15,0.27
27143,0.05,0.07,0.88
27144,0.11,0.003333333333333333,0.8866666666666666
27145,0.8466666666666666,0.05333333333333333,0.1
27146,0.0,0.01,0.99
27147,0.0275,0.115,0.8575
27148,0.02,0.1,0.88
27149,0.02,0.19,0.79
27150,0.01,0.02,0.97
27151,0.08133333333333333,0.07866666666666666,0.84
27152,0.26,0.03,0.71
27153,0.0,0.01,0.99
27154,0.03,0.58,0.39
27155,0.08,0.15,0.77
27156,0.1815,0.19399999999999998,0.6245
27157,0.10583333333333332,0.07,0.8241666666666667
27158,0.0,0.0,1.0
27159,0.02,0.01,0.97
27160,0.0,0.01,0.99
27161,0.575,0.02,0.405
27162,0.030666666666666665,0.4638333333333333,0.5055
27163,0.01,0.003333333333333333,0.9866666666666667
27164,0.0,0.07,0.93
27165,0.0,0.02,0.98
27166,0.095,0.264,0.6409999999999999
27167,0.0575,0.14,0.8025
27168,0.14666666666666667,0.24666666666666665,0.6066666666666667
27169,0.01,0.01,0.98
27170,0.31,0.02,0.67
27171,0.01,0.3899999999999999,0.6
27172,0.01,0.03,0.96
27173,0.016666666666666666,0.02333333333333333,0.96
27174,0.0,0.6991666666666666,0.30083333333333334
27175,0.5898095238095238,0.01,0.4001904761904763
27176,0.11,0.14,0.75
27177,0.04,0.45,0.51
27178,0.05833333333333334,0.011666666666666667,0.93
27179,0.03666666666666667,0.01,0.9533333333333333
27180,0.02,0.0,0.98
27181,0.24,0.01,0.75
27182,0.01,0.05,0.94
27183,0.01,0.03,0.96
27184,0.11,0.03,0.86
27185,0.03,0.03,0.94
27186,0.01,0.10945238095238094,0.880547619047619
27187,0.04,0.12,0.84
27188,0.0,0.03,0.97
27189,0.0,0.11,0.89
27190,0.24783333333333332,0.0,0.7521666666666665
27191,0.21,0.7,0.09
27192,0.14,0.04,0.82
27193,0.015,0.03,0.955
27194,0.06,0.06,0.88
27195,0.0,0.0,1.0
27196,0.01,0.02,0.97
27197,0.13,0.2,0.67
27198,0.0,0.0,1.0
27199,0.09,0.06,0.85
27200,0.0,0.9,0.1
27201,0.06,0.08,0.86
27202,0.01,0.05,0.94
27203,0.005,0.0,0.995
27204,0.73,0.05,0.22
27205,0.17,0.07,0.76
27206,0.02,0.05,0.93
27207,0.02,0.0,0.98
27208,0.17,0.07,0.76
27209,0.18,0.04,0.78
27210,0.06,0.01,0.93
27211,0.01,0.61,0.38
27212,0.0,0.0,1.0
27213,0.06,0.06,0.88
27214,0.11,0.24,0.65
27215,0.07400000000000001,0.15666666666666665,0.7693333333333334
27216,0.0,0.0,1.0
27217,0.8658333333333332,0.04666666666666666,0.0875
27218,0.09714285714285714,0.18,0.7228571428571429
27219,0.07,0.12,0.81
27220,0.0,0.75,0.25
27221,0.9,0.01,0.09
27222,0.26,0.69,0.05
27223,0.05,0.08,0.87
27224,0.13166666666666665,0.465,0.40333333333333327
27225,0.0,0.01,0.99
27226,0.7,0.1821428571428571,0.11785714285714287
27227,0.16,0.84,0.0
27228,0.025,0.805,0.17
27229,0.04,0.26,0.7
27230,0.6439166666666667,0.05,0.3060833333333333
27231,0.0,0.06,0.94
27232,0.20333333333333337,0.18666666666666668,0.61
27233,0.63,0.24,0.13
27234,0.005,0.02,0.975
27235,0.1,0.04,0.86
27236,0.205,0.09,0.705
27237,0.055,0.825,0.12
27238,0.02,0.83,0.15
27239,0.0,0.4338095238095238,0.5661904761904762
27240,0.2633333333333333,0.6166666666666667,0.12
27241,0.38,0.29,0.33
27242,0.02333333333333333,0.0,0.9766666666666666
27243,0.64,0.03,0.33
27244,0.01,0.04666666666666666,0.9433333333333332
27245,0.0,0.0,1.0
27246,0.05,0.02,0.93
27247,0.125,0.20166666666666663,0.6733333333333333
27248,0.03,0.87,0.1
27249,0.0,0.09,0.91
27250,0.04,0.17,0.79
27251,0.02,0.18,0.8
27252,0.26666666666666666,0.17,0.5633333333333334
27253,0.02,0.62,0.36
27254,0.08,0.21,0.71
27255,0.03,0.09,0.88
27256,0.28,0.195,0.525
27257,0.79,0.0,0.21
27258,0.17166666666666663,0.25,0.5783333333333334
27259,0.07,0.21,0.72
27260,0.21,0.55,0.24
27261,0.03,0.14,0.83
27262,0.03,0.8283333333333333,0.1416666666666667
27263,0.05,0.34,0.61
27264,0.01,0.3,0.69
27265,0.0,0.0,1.0
27266,0.13,0.12,0.75
27267,0.2,0.69,0.11
27268,0.04,0.03,0.93
27269,0.14,0.03,0.83
27270,0.01,0.04,0.95
27271,0.02,0.6733333333333335,0.3066666666666667
27272,0.08,0.04,0.88
27273,0.11,0.15,0.74
27274,0.05,0.065,0.885
27275,0.02,0.05,0.93
27276,0.06,0.17,0.77
27277,0.06,0.02,0.92
27278,0.02,0.13,0.85
27279,0.5471428571428572,0.12142857142857143,0.3314285714285714
27280,0.01,0.6866666666666665,0.30333333333333334
27281,0.8033333333333332,0.03,0.16666666666666663
27282,0.01,0.05,0.94
27283,0.26166666666666666,0.7083333333333333,0.03
27284,0.11,0.85,0.04
27285,0.33,0.03,0.64
27286,0.04,0.35,0.61
27287,0.003333333333333333,0.45671428571428585,0.5399523809523809
27288,0.05,0.12,0.83
27289,0.0,0.09,0.91
27290,0.013333333333333332,0.51,0.47666666666666674
27291,0.07,0.14,0.79
27292,0.0,0.27,0.73
27293,0.2895,0.1,0.6104999999999999
27294,0.05333333333333333,0.105,0.8416666666666667
27295,0.0,0.0,1.0
27296,0.0,0.23,0.77
27297,0.4783333333333333,0.11166666666666668,0.41
27298,0.0,0.1975,0.8025
27299,0.08,0.1825,0.7375
27300,0.511,0.08,0.409
27301,0.01,0.08,0.91
27302,0.14366666666666666,0.7563333333333334,0.1
27303,0.58,0.0,0.42
27304,0.02,0.43254761904761907,0.547452380952381
27305,0.0,0.01,0.99
27306,0.03666666666666667,0.01,0.9533333333333333
27307,0.02,0.02,0.96
27308,0.07,0.03,0.9
27309,0.03,0.02,0.95
27310,0.05,0.1,0.85
27311,0.015,0.05,0.935
27312,0.01,0.16833333333333333,0.8216666666666665
27313,0.01,0.01,0.98
27314,0.04,0.07,0.89
27315,0.0,0.05,0.95
27316,0.0,0.02,0.98
27317,0.09,0.9,0.01
27318,0.01,0.88,0.11
27319,0.02,0.04,0.94
27320,0.205,0.146,0.649
27321,0.01,0.02,0.97
27322,0.003333333333333333,0.006666666666666666,0.99
27323,0.19,0.16,0.65
27324,0.11,0.15166666666666667,0.7383333333333333
27325,0.015,0.58,0.405
27326,0.38833333333333336,0.1,0.5116666666666666
27327,0.145,0.64,0.215
27328,0.01,0.16416666666666666,0.8258333333333334
27329,0.01,0.03,0.96
27330,0.01,0.9,0.09
27331,0.33,0.01,0.66
27332,0.11,0.035,0.855
27333,0.4,0.04,0.56
27334,0.01,0.02,0.97
27335,0.0,0.055999999999999994,0.9440000000000001
27336,0.3182857142857143,0.0,0.6817142857142858
27337,0.6386666666666667,0.08,0.2813333333333333
27338,0.13,0.69,0.18
27339,0.06,0.39,0.55
27340,0.015,0.03,0.955
27341,0.0,0.02,0.98
27342,0.0,0.175,0.8249999999999998
27343,0.0,0.0,1.0
27344,0.045,0.052000000000000005,0.903
27345,0.24,0.1,0.66
27346,0.1325,0.1075,0.76
27347,0.22399999999999998,0.07,0.7060000000000001
27348,0.03,0.06,0.91
27349,0.56,0.01,0.43
27350,0.02,0.09,0.89
27351,0.03,0.0,0.97
27352,0.11466666666666665,0.0,0.8853333333333333
27353,0.06,0.12,0.82
27354,0.09,0.23,0.68
27355,0.02,0.01,0.97
27356,0.01,0.02,0.97
27357,0.04,0.2,0.76
27358,0.02,0.01,0.97
27359,0.0,0.6031666666666666,0.39683333333333337
27360,0.02,0.04,0.94
27361,0.02,0.97,0.01
27362,0.14,0.75,0.11
27363,0.01,0.01,0.98
27364,0.01,0.92,0.07
27365,0.40016666666666656,0.0,0.5998333333333334
27366,0.06,0.18,0.76
27367,0.04,0.05,0.91
27368,0.1,0.66,0.24
27369,0.19,0.71,0.1
27370,0.2865,0.6935000000000001,0.02
27371,0.87,0.0,0.13
27372,0.0,0.0,1.0
27373,0.025,0.75,0.225
27374,0.14,0.175,0.685
27375,0.04666666666666667,0.07,0.8833333333333334
27376,0.5065,0.15,0.3435
27377,0.03,0.405,0.565
27378,0.33,0.65,0.02
27379,0.07,0.03,0.9
27380,0.4727142857142857,0.4372857142857142,0.09
27381,0.0,0.518,0.482
27382,0.13,0.25666666666666665,0.6133333333333334
27383,0.0,0.03,0.97
27384,0.01,0.5266666666666666,0.46333333333333326
27385,0.79,0.03,0.18
27386,0.13,0.154,0.716
27387,0.155,0.15,0.695
27388,0.0,0.01,0.99
27389,0.11,0.18833333333333332,0.7016666666666667
27390,0.53,0.285,0.185
27391,0.09,0.0325,0.8775
27392,0.03,0.02,0.95
27393,0.06,0.25,0.69
27394,0.07,0.17,0.76
27395,0.0,0.05,0.95
27396,0.03,0.03,0.94
27397,0.0,1.0,0.0
27398,0.43,0.04,0.53
27399,0.0,0.78,0.22
27400,0.0,0.23,0.77
27401,0.07,0.01,0.92
27402,0.0,0.82,0.18
27403,0.1433333333333333,0.19666666666666668,0.66
27404,0.12,0.88,0.0
27405,0.225,0.405,0.37
27406,0.12,0.28,0.6
27407,0.01,0.105,0.885
27408,0.02,0.04,0.94
27409,0.29816666666666664,0.661,0.04083333333333334
27410,0.0,0.01,0.99
27411,0.01,0.01,0.98
27412,0.06,0.53,0.41
27413,0.3633333333333333,0.124,0.5126666666666666
27414,0.0,0.99,0.01
27415,0.99,0.01,0.0
27416,0.07,0.1,0.83
27417,0.17,0.23,0.6
27418,0.0,0.6833333333333335,0.31666666666666665
27419,0.0,0.99,0.01
27420,0.095,0.19833333333333336,0.7066666666666666
27421,0.02,0.01,0.97
27422,0.02,0.01,0.97
27423,0.10233333333333335,0.38,0.5176666666666666
27424,0.8393333333333334,0.03,0.13066666666666665
27425,0.665,0.04,0.295
27426,0.04,0.05,0.91
27427,0.07,0.93,0.0
27428,0.02,0.14333333333333334,0.8366666666666666
27429,0.08,0.16,0.76
27430,0.11133333333333334,0.01,0.8786666666666665
27431,0.6175,0.05333333333333333,0.32916666666666666
27432,0.12,0.28,0.6
27433,0.1,0.55,0.35
27434,0.08071428571428571,0.1442857142857143,0.775
27435,0.0,0.24,0.76
27436,0.08166666666666667,0.26916666666666667,0.6491666666666667
27437,0.05,0.03,0.92
27438,0.02,0.04,0.94
27439,0.01,0.01,0.98
27440,0.105,0.09,0.805
27441,0.27,0.01,0.72
27442,0.05,0.06,0.89
27443,0.098,0.12,0.782
27444,0.19,0.01,0.8
27445,0.03,0.53,0.44
27446,0.04,0.1817857142857143,0.7782142857142857
27447,0.06,0.37525,0.5647500000000001
27448,0.03,0.0,0.97
27449,0.03,0.06,0.91
27450,0.03,0.95,0.02
27451,0.0,0.03,0.97
27452,0.004,0.006,0.99
27453,0.05,0.495,0.455
27454,0.17,0.24,0.59
27455,0.01,0.07,0.92
27456,0.0,0.18,0.82
27457,0.04,0.07400000000000001,0.8859999999999999
27458,0.145,0.1,0.755
27459,0.425,0.235,0.34
27460,0.17,0.2,0.63
27461,0.03,0.064,0.9060000000000001
27462,0.04,0.12333333333333334,0.8366666666666667
27463,0.71,0.032,0.258
27464,0.14,0.105,0.755
27465,0.23,0.11,0.66
27466,0.075,0.49,0.435
27467,0.0,0.0,1.0
27468,0.0,0.01,0.99
27469,0.0,0.15,0.85
27470,0.08,0.01,0.91
27471,0.0,0.0,1.0
27472,0.025,0.12,0.855
27473,0.0,0.04,0.96
27474,0.57,0.12,0.31
27475,0.0,0.57,0.43
27476,0.02,0.72,0.26
27477,0.14,0.4093333333333333,0.4506666666666667
27478,0.01,0.02,0.97
27479,0.79,0.04,0.17
27480,0.11,0.55,0.34
27481,0.015,0.535,0.45
27482,0.04,0.04,0.92
27483,0.01,0.2821666666666667,0.7078333333333334
27484,0.02,0.44066666666666665,0.5393333333333333
27485,0.13297619047619047,0.08,0.7870238095238097
27486,0.0,0.75,0.25
27487,0.17,0.04,0.79
27488,0.06,0.24,0.7
27489,0.005,0.0,0.995
27490,0.105,0.105,0.79
27491,0.18,0.65,0.17
27492,0.05,0.08,0.87
27493,0.0,0.01,0.99
27494,0.02,0.05,0.93
27495,0.01,0.23566666666666666,0.7543333333333331
27496,0.0225,0.845,0.1325
27497,0.0,0.5,0.5
27498,0.78,0.06,0.16
27499,0.105,0.15666666666666665,0.7383333333333333
27500,0.01,0.0,0.99
27501,0.015,0.05,0.935
27502,0.01,0.985,0.005
27503,0.0,0.03,0.97
27504,0.0,0.92,0.08
27505,0.24,0.0,0.76
27506,0.4717857142857143,0.04,0.4882142857142856
27507,0.1733333333333333,0.07916666666666666,0.7475
27508,0.02,0.01,0.97
27509,0.02,0.01,0.97
27510,0.71,0.03,0.26
27511,0.03,0.01,0.96
27512,0.0,0.0,1.0
27513,0.29,0.7,0.01
27514,0.07,0.06,0.87
27515,0.04666666666666666,0.026666666666666665,0.9266666666666667
27516,0.03,0.19,0.78
27517,0.38,0.05,0.57
27518,0.028333333333333335,0.05,0.9216666666666665
27519,0.14,0.02,0.84
27520,0.05,0.28,0.67
27521,0.125,0.805,0.07
27522,0.25,0.67,0.08
27523,0.17,0.71,0.12
27524,0.03,0.29,0.68
27525,0.08,0.16,0.76
27526,0.04,0.08,0.88
27527,0.4054166666666666,0.05,0.5445833333333333
27528,0.13,0.125,0.745
27529,0.07,0.57,0.36
27530,0.01,0.6,0.39
27531,0.12,0.06,0.82
27532,0.01,0.02,0.97
27533,0.22,0.14,0.64
27534,0.1,0.73,0.17
27535,0.65,0.22,0.13
27536,0.11916666666666666,0.11,0.7708333333333333
27537,0.128,0.15,0.722
27538,0.0,0.53,0.47
27539,0.35,0.57,0.08
27540,0.006666666666666666,0.0775,0.9158333333333334
27541,0.55,0.42,0.03
27542,0.03,0.73,0.24
27543,0.36597619047619034,0.0,0.6340238095238097
27544,0.02,0.01,0.97
27545,0.02,0.08,0.9
27546,0.22666666666666666,0.18,0.5933333333333333
27547,0.435,0.505,0.06
27548,0.045,0.5076666666666667,0.44733333333333336
27549,0.01,0.2975,0.6925
27550,0.03,0.0,0.97
27551,0.07,0.23,0.7
27552,0.0,0.03,0.97
27553,0.075,0.196,0.7290000000000001
27554,0.0,0.98,0.02
27555,0.05285714285714285,0.07,0.8771428571428572
27556,0.0,0.315,0.685
27557,0.0,0.003333333333333333,0.9966666666666666
27558,0.01,0.075,0.915
27559,0.08,0.359,0.5609999999999999
27560,0.05,0.19,0.76
27561,0.04,0.01,0.95
27562,0.03,0.63,0.34
27563,0.0,0.34640476190476177,0.6535952380952379
27564,0.02,0.05,0.93
27565,0.03,0.03,0.94
27566,0.01,0.05,0.94
27567,0.32,0.0,0.68
27568,0.21,0.7,0.09
27569,0.02,0.31,0.67
27570,0.07,0.1,0.83
27571,0.69,0.29,0.02
27572,0.295,0.05,0.655
27573,0.85,0.04,0.11
27574,0.05,0.05,0.9
27575,0.0,0.13,0.87
27576,0.02,0.83,0.15
27577,0.01,0.31,0.68
27578,0.04,0.07,0.89
27579,0.08,0.34,0.58
27580,0.0,0.24,0.76
27581,0.56,0.05,0.39
27582,0.18,0.2,0.62
27583,0.61,0.01,0.38
27584,0.0,0.15,0.85
27585,0.0,0.02,0.98
27586,0.05,0.0,0.95
27587,0.01,0.83,0.16
27588,0.0,0.99,0.01
27589,0.02,0.1,0.88
27590,0.135,0.25666666666666665,0.6083333333333334
27591,0.12,0.08,0.8
27592,0.01,0.01,0.98
27593,0.06,0.07,0.87
27594,0.02,0.77,0.21
27595,0.081,0.359,0.56
27596,0.03,0.03,0.94
27597,0.01,0.11,0.88
27598,0.016,0.094,0.89
27599,0.05,0.5018809523809523,0.44811904761904764
27600,0.54,0.03,0.43
27601,0.68,0.05,0.27
27602,0.15500000000000003,0.41,0.43500000000000005
27603,0.68,0.18,0.14
27604,0.11,0.0,0.89
27605,0.3325000000000001,0.3675,0.3
27606,0.11,0.03,0.86
27607,0.6,0.06,0.34
27608,0.1,0.0,0.9
27609,0.04,0.095,0.865
27610,0.01,0.62,0.37
27611,0.05833333333333334,0.8016666666666665,0.14
27612,0.0,0.69,0.31
27613,0.12,0.0,0.88
27614,0.99,0.0,0.01
27615,0.01,0.05,0.94
27616,0.89,0.11,0.0
27617,0.02,0.8566666666666666,0.12333333333333332
27618,0.03,0.04,0.93
27619,0.01,0.09,0.9
27620,0.26,0.32,0.42
27621,0.03,0.66,0.31
27622,0.03333333333333333,0.8966666666666666,0.07
27623,0.11,0.1275,0.7625
27624,0.08,0.08,0.84
27625,0.0,0.2,0.8
27626,0.721,0.04,0.23900000000000002
27627,0.0,0.66,0.34
27628,0.08,0.92,0.0
27629,0.015,0.01,0.975
27630,0.03,0.07,0.9
27631,0.72,0.01,0.27
27632,0.02,0.02,0.96
27633,0.02,0.66,0.32
27634,0.7491666666666665,0.07333333333333333,0.1775
27635,0.0975,0.11,0.7925
27636,0.1383333333333333,0.18,0.6816666666666665
27637,0.03333333333333333,0.0875,0.8791666666666668
27638,0.17,0.11,0.72
27639,0.8933333333333334,0.03666666666666667,0.07
27640,0.04,0.09,0.87
27641,0.03,0.74,0.23
27642,0.003333333333333333,0.05,0.9466666666666668
27643,0.045,0.502,0.45299999999999996
27644,0.02,0.21666666666666665,0.7633333333333333
27645,0.01,0.93,0.06
27646,0.06,0.45,0.49
27647,0.4661666666666667,0.03,0.5038333333333334
27648,0.02,0.1,0.88
27649,0.0,0.05,0.95
27650,0.05916666666666667,0.78,0.16083333333333336
27651,0.04,0.06,0.9
27652,0.7093333333333334,0.01,0.28066666666666673
27653,0.01,0.01,0.98
27654,0.02,0.04,0.94
27655,0.01,0.01,0.98
27656,0.04,0.4611428571428571,0.4988571428571429
27657,0.06,0.6175,0.3225
27658,0.05,0.18666666666666668,0.7633333333333333
27659,0.0,0.049333333333333326,0.9506666666666667
27660,0.42,0.235,0.345
27661,0.0,0.0,1.0
27662,0.0,0.29,0.71
27663,0.11761904761904762,0.22666666666666668,0.6557142857142857
27664,0.13,0.175,0.695
27665,0.65,0.01,0.34
27666,0.01,0.6333333333333333,0.35666666666666663
27667,0.01,0.01,0.98
27668,0.19,0.14,0.67
27669,0.1025,0.225,0.6725
27670,0.02,0.27649999999999997,0.7034999999999999
27671,0.6566666666666667,0.06,0.2833333333333334
27672,0.40861904761904766,0.01,0.5813809523809524
27673,0.01,0.09,0.9
27674,0.0,0.0,1.0
27675,0.07066666666666667,0.45,0.4793333333333334
27676,0.0,1.0,0.0
27677,0.025,0.055,0.92
27678,0.034,0.01,0.956
27679,0.06,0.83,0.11
27680,0.14,0.7,0.16
27681,0.0,0.54,0.46
27682,0.195,0.07,0.735
27683,0.005,0.945,0.05
27684,0.8,0.015,0.185
27685,0.09,0.105,0.805
27686,0.04,0.165,0.795
27687,0.01,0.63,0.36
27688,0.01,0.4479999999999999,0.5420000000000001
27689,0.02,0.65,0.33
27690,0.08,0.05,0.87
27691,0.01,0.0,0.99
27692,0.01,0.24,0.75
27693,0.01,0.03,0.96
27694,0.0,0.03,0.97
27695,0.03,0.34,0.63
27696,0.07,0.4125,0.5175
27697,0.06,0.07,0.87
27698,0.26,0.27,0.47
27699,0.0,0.87,0.13
27700,0.57,0.37,0.06
27701,0.015,0.76,0.225
27702,0.0,0.17,0.83
27703,0.51,0.2046666666666667,0.2853333333333333
27704,0.02,0.235,0.745
27705,0.02,0.05050000000000001,0.9294999999999999
27706,0.01,0.0,0.99
27707,0.03,0.165,0.805
27708,0.01,0.02,0.97
27709,0.85,0.08,0.07
27710,0.042,0.12,0.838
27711,0.02,0.02,0.96
27712,0.07,0.01,0.92
27713,0.08,0.01,0.91
27714,0.04,0.27,0.69
27715,0.69,0.08,0.23
27716,0.01,0.23,0.76
27717,0.02,0.0,0.98
27718,0.05,0.06,0.89
27719,0.11,0.05,0.84
27720,0.92,0.0,0.08
27721,0.025,0.6233333333333334,0.35166666666666674
27722,0.01,0.07,0.92
27723,0.01,0.0,0.99
27724,0.1,0.34049999999999997,0.5595
27725,0.01,0.04,0.95
27726,0.17,0.02,0.81
27727,0.06,0.2,0.74
27728,0.0,0.01,0.99
27729,0.2813333333333333,0.02,0.6986666666666664
27730,0.05,0.06,0.89
27731,0.07,0.12,0.81
27732,0.04,0.02,0.94
27733,0.27,0.08,0.65
27734,0.05,0.05333333333333333,0.8966666666666666
27735,0.04,0.1433333333333333,0.8166666666666668
27736,0.1383333333333333,0.7616666666666666,0.1
27737,0.1,0.02,0.88
27738,0.01,0.027999999999999997,0.9620000000000001
27739,0.01,0.065,0.925
27740,0.0,0.25,0.75
27741,0.03,0.01,0.96
27742,0.01,0.99,0.0
27743,0.07,0.07833333333333332,0.8516666666666666
27744,0.05666666666666667,0.2966666666666667,0.6466666666666667
27745,0.02,0.565,0.415
27746,0.51,0.17,0.32
27747,0.01,0.02,0.97
27748,0.02,0.0,0.98
27749,0.2,0.13,0.67
27750,0.0,0.01,0.99
27751,0.02,0.01,0.97
27752,0.02,0.02,0.96
27753,0.0,0.93,0.07
27754,0.19,0.28,0.53
27755,0.25,0.3,0.45
27756,0.01,0.15,0.84
27757,0.115,0.795,0.09
27758,0.026000000000000002,0.9740000000000001,0.0
27759,0.73,0.26,0.01
27760,0.06,0.01,0.93
27761,0.0,0.6666666666666667,0.33333333333333337
27762,0.09949999999999999,0.35783333333333334,0.5426666666666666
27763,0.36,0.15,0.49
27764,0.02,0.04,0.94
27765,0.03,0.01,0.96
27766,0.04,0.3241666666666667,0.6358333333333334
27767,0.03,0.64,0.33
27768,0.0,0.14,0.86
27769,0.05,0.33333333333333326,0.6166666666666667
27770,0.15,0.61,0.24
27771,0.58,0.06,0.36
27772,0.05,0.56,0.39
27773,0.02,0.83,0.15
27774,0.04,0.2033333333333333,0.7566666666666666
27775,0.18333333333333332,0.7366666666666667,0.08
27776,0.0,0.11,0.89
27777,0.01,0.85,0.14
27778,0.3975,0.5525,0.05
27779,0.05333333333333334,0.15333333333333335,0.7933333333333334
27780,0.69,0.19,0.12
27781,0.0325,0.04,0.9275
27782,0.71,0.02,0.27
27783,0.02,0.71,0.27
27784,0.16,0.09,0.75
27785,0.07766666666666666,0.06333333333333332,0.8589999999999999
27786,0.88,0.035,0.085
27787,0.02,0.0,0.98
27788,0.04,0.95,0.01
27789,0.013333333333333332,0.02,0.9666666666666666
27790,0.02,0.01,0.97
27791,0.02,0.078,0.902
27792,0.652,0.05,0.298
27793,0.0,0.02,0.98
27794,0.0,0.0,1.0
27795,0.165,0.35666666666666663,0.47833333333333333
27796,0.02,0.0,0.98
27797,0.86,0.01,0.13
27798,0.05,0.04,0.91
27799,0.26,0.73,0.01
27800,0.0,0.0,1.0
27801,0.01,0.11,0.88
27802,0.04333333333333333,0.03666666666666667,0.92
27803,0.44133333333333336,0.03,0.5286666666666666
27804,0.02,0.07,0.91
27805,0.31316666666666665,0.6468333333333334,0.04
27806,0.04,0.12,0.84
27807,0.06,0.61,0.33
27808,0.064,0.175,0.7609999999999999
27809,0.01,0.21,0.78
27810,0.08,0.0,0.92
27811,0.05,0.06,0.89
27812,0.218,0.622,0.16
27813,0.1125,0.1,0.7875
27814,0.01,0.99,0.0
27815,0.0,1.0,0.0
27816,0.53,0.04,0.43
27817,0.4375,0.5124999999999998,0.05
27818,0.15116666666666667,0.0,0.8488333333333334
27819,0.0575,0.1525,0.79
27820,0.06,0.16983333333333334,0.7701666666666667
27821,0.0,0.02,0.98
27822,0.06,0.12666666666666665,0.8133333333333332
27823,0.01,0.09583333333333334,0.8941666666666667
27824,0.6966666666666665,0.0,0.30333333333333334
27825,0.02,0.03,0.95
27826,0.175,0.705,0.12
27827,0.115,0.885,0.0
27828,0.0,0.03,0.97
27829,0.66,0.015,0.325
27830,0.516,0.065,0.419
27831,0.004,0.9133333333333333,0.08266666666666665
27832,0.745,0.0,0.25500000000000006
27833,0.01,0.04,0.95
27834,0.02,0.03,0.95
27835,0.04,0.0,0.96
27836,0.09,0.03,0.88
27837,0.74,0.055,0.205
27838,0.015333333333333332,0.01,0.9746666666666667
27839,0.03333333333333333,0.03,0.9366666666666668
27840,0.04,0.09666666666666668,0.8633333333333333
27841,0.01,0.13766666666666666,0.8523333333333335
27842,0.02,0.02,0.96
27843,0.03,0.07,0.9
27844,0.02,0.19,0.79
27845,0.12035714285714287,0.7095238095238094,0.17011904761904761
27846,0.01,0.33,0.66
27847,0.02,0.68,0.3
27848,0.01,0.01,0.98
27849,0.16,0.16333333333333336,0.6766666666666665
27850,0.04,0.82,0.14
27851,0.02,0.12,0.86
27852,0.24,0.19,0.57
27853,0.16,0.17,0.67
27854,0.08,0.56,0.36
27855,0.62,0.1,0.28
27856,0.04,0.06,0.9
27857,0.09,0.05,0.86
27858,0.5980952380952381,0.3819047619047619,0.02
27859,0.01,0.99,0.0
27860,0.0,0.07,0.93
27861,0.01,0.54,0.45
27862,0.0,0.03,0.97
27863,0.83,0.05,0.12
27864,0.09333333333333332,0.25916666666666666,0.6475
27865,0.01,0.03,0.96
27866,0.0,0.02,0.98
27867,0.0,0.27,0.73
27868,0.08,0.15,0.77
27869,0.01,0.13,0.86
27870,0.04,0.04,0.92
27871,0.02,0.02,0.96
27872,0.0,0.03,0.97
27873,0.02,0.05,0.93
27874,0.05,0.38,0.57
27875,0.28,0.09,0.63
27876,0.08,0.55,0.37
27877,0.0,0.3682380952380953,0.6317619047619047
27878,0.01,0.635,0.355
27879,0.14,0.1,0.76
27880,0.0525,0.9075,0.04
27881,0.22,0.23,0.55
27882,0.21,0.14,0.65
