index,0,1,2
26457,0.05,0.27,0.68
26458,0.56,0.28,0.16
26459,0.04,0.04,0.92
26460,0.04666666666666666,0.06,0.8933333333333334
26461,0.0975,0.17,0.7325
26462,0.02,0.04666666666666666,0.9333333333333335
26463,0.5,0.47,0.03
26464,0.05,0.0,0.95
26465,0.03,0.14833333333333332,0.8216666666666668
26466,0.0,0.29,0.71
26467,0.01,0.03,0.96
26468,0.0,0.01,0.99
26469,0.81,0.05,0.14
26470,0.17,0.26,0.57
26471,0.01,0.035,0.955
26472,0.08,0.11,0.81
26473,0.04166666666666666,0.05,0.9083333333333334
26474,0.25583333333333336,0.6841666666666667,0.06
26475,0.607,0.215,0.17800000000000002
26476,0.01,0.07,0.92
26477,0.0895,0.08,0.8305
26478,0.04,0.055,0.905
26479,0.02333333333333333,0.02,0.9566666666666667
26480,0.0,0.08,0.92
26481,0.005,0.645,0.35
26482,0.13,0.01,0.86
26483,0.0,0.29,0.71
26484,0.11266666666666665,0.09,0.7973333333333333
26485,0.0,0.015,0.985
26486,0.01,0.11,0.88
26487,0.085,0.13533333333333333,0.7796666666666667
26488,0.042,0.818,0.14
26489,0.0,0.34,0.66
26490,0.18,0.05,0.77
26491,0.0,0.01,0.99
26492,0.025,0.275,0.7
26493,0.87,0.13,0.0
26494,0.07,0.14400000000000002,0.7859999999999999
26495,0.02,0.03,0.95
26496,0.2,0.045,0.755
26497,0.01,0.92,0.07
26498,0.52,0.39,0.09
26499,0.01,0.07,0.92
26500,0.04,0.34,0.62
26501,0.08,0.3775,0.5425
26502,0.0,0.0,1.0
26503,0.1,0.67,0.23
26504,0.09,0.3,0.61
26505,0.05,0.06,0.89
26506,0.09,0.87,0.04
26507,0.06,0.89,0.05
26508,0.39,0.22,0.39
26509,0.14,0.04,0.82
26510,0.01,0.08,0.91
26511,0.01,0.02,0.97
26512,0.185,0.28369047619047616,0.5313095238095238
26513,0.003333333333333333,0.0225,0.9741666666666666
26514,0.04,0.01,0.95
26515,0.14625,0.0,0.85375
26516,0.02,0.27,0.71
26517,0.28966666666666663,0.6603333333333333,0.05
26518,0.06555555555555555,0.13,0.8044444444444444
26519,0.7775,0.1,0.1225
26520,0.0,0.97,0.03
26521,0.0,0.1,0.9
26522,0.08,0.14,0.78
26523,0.08,0.21,0.71
26524,0.09333333333333332,0.2633333333333333,0.6433333333333334
26525,0.30738095238095237,0.08261904761904763,0.61
26526,0.062,0.057999999999999996,0.88
26527,0.13,0.78,0.09
26528,0.05,0.95,0.0
26529,0.59,0.06,0.35
26530,0.125,0.1875,0.6875
26531,0.0,0.0,1.0
26532,0.68,0.0,0.32
26533,0.049,0.15,0.8009999999999999
26534,0.025,0.02,0.955
26535,0.01,0.06,0.93
26536,0.14666666666666667,0.21,0.6433333333333334
26537,0.03,0.02,0.95
26538,0.0,0.475,0.525
26539,0.01,0.13333333333333333,0.8566666666666667
26540,0.2,0.11,0.69
26541,0.01,0.01,0.98
26542,0.04,0.06,0.9
26543,0.09,0.01,0.9
26544,0.1,0.13,0.77
26545,0.01,0.14,0.85
26546,0.06,0.04,0.9
26547,0.04,0.03,0.93
26548,0.03,0.0,0.97
26549,0.24,0.72,0.04
26550,0.0,0.3786190476190477,0.6213809523809524
26551,0.0,0.6616666666666666,0.33833333333333326
26552,0.01,0.07,0.92
26553,0.03,0.02,0.95
26554,0.21,0.62,0.17
26555,0.05,0.05,0.9
26556,0.0,0.08,0.92
26557,0.03,0.01,0.96
26558,0.88,0.05,0.07
26559,0.25,0.02,0.73
26560,0.06,0.19,0.75
26561,0.01,0.09,0.9
26562,0.03,0.02,0.95
26563,0.03,0.04,0.93
26564,0.0,0.09,0.91
26565,0.02,0.84,0.14
26566,0.09,0.04333333333333333,0.8666666666666667
26567,0.04,0.01,0.95
26568,0.24,0.69,0.07
26569,0.0,0.115,0.885
26570,0.1,0.3858333333333333,0.5141666666666667
26571,0.04,0.07333333333333333,0.8866666666666667
26572,0.06,0.39333333333333337,0.5466666666666666
26573,0.161,0.259,0.58
26574,0.21,0.035,0.755
26575,0.1075,0.13,0.7625
26576,0.03,0.02,0.95
26577,0.08333333333333331,0.21833333333333335,0.6983333333333333
26578,0.3,0.22,0.48
26579,0.16399999999999998,0.68,0.156
26580,0.0275,0.1,0.8725
26581,0.06,0.18083333333333332,0.7591666666666668
26582,0.0,0.0,1.0
26583,0.04,0.06,0.9
26584,0.07,0.365,0.565
26585,0.0,0.89,0.11
26586,0.23,0.64,0.13
26587,0.09,0.5333333333333333,0.3766666666666667
26588,0.02,0.04,0.94
26589,0.1325,0.05583333333333333,0.8116666666666668
26590,0.0,0.8431666666666667,0.15683333333333332
26591,0.235,0.695,0.07
26592,0.25,0.01,0.74
26593,0.3,0.59,0.11
26594,0.04,0.13,0.83
26595,0.02,0.005,0.975
26596,0.04,0.06,0.9
26597,0.07,0.43666666666666665,0.49333333333333335
26598,0.08,0.07,0.85
26599,0.03,0.02,0.95
26600,0.0,0.01,0.99
26601,0.04,0.18,0.78
26602,0.03,0.115,0.855
26603,0.075,0.13,0.795
26604,0.0,0.03666666666666667,0.9633333333333333
26605,0.03,0.18,0.79
26606,0.125,0.5116666666666666,0.3633333333333333
26607,0.13,0.87,0.0
26608,0.03,0.035,0.935
26609,0.026666666666666665,0.0175,0.9558333333333334
26610,0.2733333333333333,0.6966666666666668,0.03
26611,0.03,0.12,0.85
26612,0.04166666666666666,0.6433333333333333,0.315
26613,0.05333333333333333,0.2,0.7466666666666666
26614,0.0,0.05,0.95
26615,0.08,0.17,0.75
26616,0.03,0.01,0.96
26617,0.1,0.075,0.825
26618,0.055,0.05,0.895
26619,0.134,0.25,0.616
26620,0.09,0.91,0.0
26621,0.0,0.0,1.0
26622,0.031142857142857142,0.4,0.5688571428571428
26623,0.0,0.898,0.102
26624,0.04,0.29083333333333333,0.6691666666666667
26625,0.83,0.11,0.06
26626,0.19,0.03,0.78
26627,0.01,0.024,0.966
26628,0.0,0.03,0.97
26629,0.0,0.0,1.0
26630,0.07,0.14,0.79
26631,0.02,0.0,0.98
26632,0.5525,0.1,0.3475
26633,0.055,0.11000000000000001,0.835
26634,0.075,0.04,0.885
26635,0.01,0.27,0.72
26636,0.01,0.343,0.647
26637,0.0,0.0625,0.9375
26638,0.0,0.97,0.03
26639,0.19,0.69,0.12
26640,0.06749999999999999,0.0625,0.87
26641,0.0775,0.88,0.0425
26642,0.0,0.026666666666666665,0.9733333333333334
26643,0.1,0.11,0.79
26644,0.02,0.11,0.87
26645,0.02,0.03,0.95
26646,0.86,0.0,0.14
26647,0.07,0.05,0.88
26648,0.03,0.8325,0.1375
26649,0.11333333333333334,0.09,0.7966666666666667
26650,0.92,0.08,0.0
26651,0.28833333333333333,0.6716666666666665,0.04
26652,0.29,0.02,0.69
26653,0.04,0.02,0.94
26654,0.04,0.82,0.14
26655,0.05733333333333333,0.36266666666666664,0.58
26656,0.03,0.055,0.915
26657,0.12,0.34,0.54
26658,0.01,0.25,0.74
26659,0.198,0.1925,0.6095
26660,0.026666666666666665,0.5433333333333333,0.43
26661,0.055,0.04533333333333333,0.8996666666666667
26662,0.01,0.21,0.78
26663,0.07,0.484,0.446
26664,0.0575,0.0725,0.87
26665,0.15316666666666667,0.61,0.23683333333333337
26666,0.0,0.84,0.16
26667,0.02,0.02,0.96
26668,0.01,0.88,0.11
26669,0.01,0.4593571428571429,0.5306428571428571
26670,0.445,0.34166666666666673,0.21333333333333332
26671,0.09,0.15666666666666665,0.7533333333333333
26672,0.02,0.01,0.97
26673,0.17,0.28,0.55
26674,0.77,0.01,0.22
26675,0.02,0.04,0.94
26676,0.01,0.02,0.97
26677,0.025,0.06,0.915
26678,0.07666666666666666,0.52,0.40333333333333327
26679,0.4,0.09571428571428571,0.5042857142857143
26680,0.01,0.05,0.94
26681,0.07,0.05,0.88
26682,0.03,0.2,0.77
26683,0.0,0.37,0.63
26684,0.01,0.06,0.93
26685,0.3450238095238095,0.05,0.6049761904761906
26686,0.03,0.04,0.93
26687,0.2,0.03,0.77
26688,0.08,0.87,0.05
26689,0.05,0.171,0.779
26690,0.01,0.05,0.94
26691,0.01,0.11,0.88
26692,0.0,0.1,0.9
26693,0.28,0.02,0.7
26694,0.6938333333333334,0.30616666666666675,0.0
26695,0.026666666666666665,0.07,0.9033333333333334
26696,0.028333333333333332,0.03,0.9416666666666668
26697,0.02,0.03,0.95
26698,0.01,0.02,0.97
26699,0.20916666666666664,0.54,0.2508333333333333
26700,0.05,0.58,0.37
26701,0.095,0.23733333333333334,0.6676666666666666
26702,0.17,0.26,0.57
26703,0.03,0.2,0.77
26704,0.01,0.02,0.97
26705,0.0,0.02,0.98
26706,0.0,0.115,0.885
26707,0.66,0.02,0.32
26708,0.042,0.18,0.778
26709,0.01,0.02,0.97
26710,0.32,0.34,0.34
26711,0.34,0.0675,0.5925
26712,0.01,0.205,0.785
26713,0.13666666666666666,0.4816666666666667,0.3816666666666667
26714,0.03333333333333333,0.185,0.7816666666666667
26715,0.0,0.69,0.31
26716,0.02,0.97,0.01
26717,0.04,0.13299999999999998,0.8270000000000001
26718,0.04,0.0725,0.8875
26719,0.07,0.35,0.58
26720,0.3168809523809524,0.03,0.6531190476190474
26721,0.01,0.4599999999999999,0.53
26722,0.51,0.07,0.42
26723,0.1425,0.08666666666666666,0.7708333333333333
26724,0.023333333333333334,0.76,0.21666666666666667
26725,0.02,0.09,0.89
26726,0.04166666666666667,0.89,0.06833333333333333
26727,0.04,0.04,0.92
26728,0.05,0.33799999999999997,0.612
26729,0.47,0.11,0.42
26730,0.01,0.39,0.6
26731,0.01,0.02,0.97
26732,0.27416666666666667,0.6758333333333334,0.05
26733,0.03,0.02,0.95
26734,0.04,0.27,0.69
26735,0.03,0.04,0.93
26736,0.04,0.46,0.5
26737,0.20816666666666664,0.01,0.7818333333333334
26738,0.01,0.01,0.98
26739,0.7733333333333334,0.05,0.17666666666666664
26740,0.01,0.01,0.98
26741,0.19,0.75,0.06
26742,0.05,0.06,0.89
26743,0.1,0.03,0.87
26744,0.16866666666666666,0.05,0.7813333333333332
26745,0.01,0.02,0.97
26746,0.6,0.08,0.32
26747,0.01,0.855,0.135
26748,0.22,0.72,0.06
26749,0.01,0.27,0.72
26750,0.01,0.04,0.95
26751,0.1,0.06,0.84
26752,0.01,0.84,0.15
26753,0.16399999999999998,0.06,0.7759999999999999
26754,0.01,0.0,0.99
26755,0.0,0.03833333333333333,0.9616666666666666
26756,0.35,0.01,0.64
26757,0.05,0.12,0.83
26758,0.66,0.13866666666666666,0.20133333333333334
26759,0.04,0.41,0.55
26760,0.47,0.17,0.36
26761,0.0,0.1075,0.8924999999999998
26762,0.03,0.14,0.83
26763,0.06,0.075,0.865
26764,0.06,0.115,0.825
26765,0.015,0.055999999999999994,0.929
26766,0.0,0.33,0.67
26767,0.05,0.13,0.82
26768,0.03333333333333333,0.9566666666666666,0.01
26769,0.23,0.275,0.495
26770,0.09,0.02,0.89
26771,0.075,0.925,0.0
26772,0.85,0.04,0.11
26773,0.15983333333333336,0.12,0.7201666666666666
26774,0.10666666666666666,0.2025,0.6908333333333333
26775,0.0,0.1,0.9
26776,0.01,0.01,0.98
26777,0.03,0.06,0.91
26778,0.02,0.05,0.93
26779,0.03,0.07,0.9
26780,0.03,0.16,0.81
26781,0.02,0.14,0.84
26782,0.01,0.06,0.93
26783,0.21,0.04,0.75
26784,0.026666666666666665,0.7933333333333333,0.18
26785,0.01,0.18666666666666668,0.8033333333333332
26786,0.74,0.06,0.2
26787,0.0,0.01,0.99
26788,0.01,0.68,0.31
26789,0.06,0.41,0.53
26790,0.02,0.55,0.43
26791,0.02,0.04,0.94
26792,0.08,0.08,0.84
26793,0.0,0.14483333333333331,0.8551666666666666
26794,0.0,0.05,0.95
26795,0.01,0.42233333333333334,0.5676666666666667
26796,0.21,0.79,0.0
26797,0.05,0.4346666666666666,0.5153333333333333
26798,0.7133333333333333,0.10666666666666667,0.18
26799,0.05,0.1,0.85
26800,0.03,0.88,0.09
26801,0.0,0.9,0.1
26802,0.10066666666666667,0.01,0.8893333333333334
26803,0.0525,0.1875,0.76
26804,0.0,0.02,0.98
26805,0.02,0.02,0.96
26806,0.0,0.5525,0.4475
26807,0.0,0.01,0.99
26808,0.0,0.26,0.74
26809,0.08,0.11,0.81
26810,0.01,0.1,0.89
26811,0.02,0.03,0.95
26812,0.02,0.01,0.97
26813,0.099,0.44266666666666665,0.45833333333333337
26814,0.27,0.12,0.61
26815,0.18,0.14,0.68
26816,0.0,0.64,0.36
26817,0.06,0.04,0.9
26818,0.06,0.07,0.87
26819,0.0,0.05,0.95
26820,0.13,0.78,0.09
26821,0.17,0.8,0.03
26822,0.10166666666666666,0.35,0.5483333333333333
26823,0.03,0.01,0.96
26824,0.02,0.04,0.94
26825,0.005,0.03,0.965
26826,0.04,0.01,0.95
26827,0.0,0.21,0.79
26828,0.05,0.17,0.78
26829,0.02,0.0,0.98
26830,0.02,0.01,0.97
26831,0.06,0.1,0.84
26832,0.01,0.04,0.95
26833,0.01,0.02,0.97
26834,0.0,0.24666666666666667,0.7533333333333333
26835,0.99,0.0,0.01
26836,0.07566666666666667,0.5943333333333334,0.33
26837,0.13,0.05,0.82
26838,0.01,0.7766190476190475,0.2133809523809524
26839,0.93,0.01,0.06
26840,0.24,0.05,0.71
26841,0.0,0.0,1.0
26842,0.0,0.03,0.97
26843,0.04,0.05,0.91
26844,0.01,0.79,0.2
26845,0.34,0.01,0.65
26846,0.02,0.02,0.96
26847,0.1875,0.165,0.6475
26848,0.13,0.06,0.81
26849,0.06,0.085,0.855
26850,0.1,0.24,0.66
26851,0.07,0.15,0.78
26852,0.04,0.84,0.12
26853,0.07,0.03,0.9
26854,0.09333333333333332,0.8766666666666666,0.03
26855,0.03,0.17,0.8
26856,0.19,0.05,0.76
26857,0.05,0.48,0.47
26858,0.01,0.93,0.06
26859,0.03,0.75,0.22
26860,0.04,0.87,0.09
26861,0.04,0.43,0.53
26862,0.0425,0.18,0.7775
26863,0.02,0.03,0.95
26864,0.02,0.56,0.42
26865,0.06,0.14,0.8
26866,0.0,0.01,0.99
26867,0.12,0.05,0.83
26868,0.065,0.06,0.875
26869,0.0,0.0,1.0
26870,0.0,0.94,0.06
26871,0.29,0.16,0.55
26872,0.02,0.05,0.93
26873,0.025,0.05666666666666667,0.9183333333333334
26874,0.06,0.66,0.28
26875,0.0,0.4366190476190476,0.5633809523809524
26876,0.02,0.04,0.94
26877,0.01,0.03,0.96
26878,0.15,0.22399999999999998,0.626
26879,0.01,0.095,0.895
26880,0.61,0.02,0.37
26881,0.01,0.06,0.93
26882,0.28,0.0,0.72
26883,0.0825,0.19,0.7275
26884,0.01,0.835,0.155
26885,0.57,0.03,0.4
26886,0.01,0.02,0.97
26887,0.03,0.11,0.86
26888,0.29416666666666663,0.17645238095238094,0.5293809523809524
26889,0.01,0.04,0.95
26890,0.04666666666666666,0.24333333333333332,0.71
26891,0.1,0.74,0.16
26892,0.065,0.2,0.735
26893,0.01,0.04,0.95
26894,0.01,0.03,0.96
26895,0.02,0.54,0.44
26896,0.03,0.25,0.72
26897,0.0,0.275,0.725
26898,0.008333333333333333,0.0,0.9916666666666667
26899,0.06,0.20666666666666667,0.7333333333333334
26900,0.01,0.08,0.91
26901,0.0,0.04,0.96
26902,0.01,0.02,0.97
26903,0.105,0.15,0.745
26904,0.18,0.7666666666666667,0.05333333333333334
26905,0.03,0.1025,0.8675
26906,0.0,0.012,0.988
26907,0.01,0.06,0.93
26908,0.0,0.05,0.95
26909,0.01,0.88,0.11
26910,0.17,0.27,0.56
26911,0.0,0.04,0.96
26912,0.0,0.03,0.97
26913,0.16,0.0,0.84
26914,0.0,0.0975,0.9025
26915,0.05,0.13,0.82
26916,0.2,0.74,0.06
26917,0.0,0.03,0.97
26918,0.04,0.09333333333333332,0.8666666666666667
26919,0.9059999999999999,0.07,0.024
26920,0.02,0.04,0.94
26921,0.01,0.7576904761904762,0.2323095238095238
26922,0.16,0.375,0.465
26923,0.025,0.04,0.935
26924,0.11,0.04,0.85
26925,0.07166666666666667,0.04,0.8883333333333334
26926,0.27,0.29,0.44
26927,0.06,0.079,0.861
26928,0.04,0.96,0.0
26929,0.005,0.0725,0.9225
26930,0.03,0.86,0.11
26931,0.27899999999999997,0.691,0.03
26932,0.05,0.79,0.16
26933,0.72,0.08,0.2
26934,0.07,0.055,0.875
26935,0.03,0.01,0.96
26936,0.0,0.02,0.98
26937,0.114,0.34,0.546
26938,0.26,0.68,0.06
26939,0.38,0.58,0.04
26940,0.17,0.24666666666666665,0.5833333333333333
26941,0.0,0.07033333333333333,0.9296666666666666
26942,0.07,0.26,0.67
26943,0.02,0.71,0.27
26944,0.06,0.06,0.88
26945,0.03,0.8275,0.1425
26946,0.0,0.02,0.98
26947,0.01,0.23,0.76
26948,0.05833333333333333,0.125,0.8166666666666668
26949,0.12,0.01,0.87
26950,0.04,0.01,0.95
26951,0.8566666666666667,0.13333333333333333,0.01
26952,0.15,0.23666666666666664,0.6133333333333333
26953,0.0,0.0,1.0
26954,0.02,0.08,0.9
26955,0.03,0.9,0.07
26956,0.01,0.26,0.73
26957,0.975,0.005,0.02
26958,0.62,0.085,0.295
26959,0.026666666666666665,0.1,0.8733333333333334
26960,0.07,0.051666666666666666,0.8783333333333334
26961,0.01,0.02,0.97
26962,0.026000000000000002,0.87,0.10400000000000001
26963,0.28,0.02,0.7
26964,0.0,0.1225,0.8775
26965,0.055,0.53,0.415
26966,0.03,0.25,0.72
26967,0.05,0.02,0.93
26968,0.09,0.292,0.618
26969,0.02,0.03,0.95
26970,0.04,0.07333333333333333,0.8866666666666667
26971,0.0,0.07,0.93
26972,0.15,0.66,0.19
26973,0.11,0.07,0.82
26974,0.06,0.02,0.92
26975,0.01,0.01,0.98
26976,0.13333333333333333,0.7566666666666666,0.11
26977,0.065,0.17,0.765
26978,0.0,0.2875,0.7125
26979,0.0825,0.24,0.6775
26980,0.04,0.12,0.84
26981,0.07,0.61,0.32
26982,0.02,0.16166666666666665,0.8183333333333332
26983,0.05,0.255,0.695
26984,0.025,0.13,0.845
26985,0.11,0.5,0.39
26986,0.01,0.0,0.99
26987,0.0,0.91,0.09
26988,0.0,0.88,0.12
26989,0.13,0.24583333333333332,0.6241666666666666
26990,0.0,0.01,0.99
26991,0.02,0.03,0.95
26992,0.1,0.564,0.336
26993,0.02,0.04,0.94
26994,0.17952380952380953,0.11695238095238095,0.7035238095238096
26995,0.01,0.28,0.71
26996,0.01,0.0675,0.9225
26997,0.4890833333333333,0.5009166666666667,0.01
26998,0.24,0.03,0.73
26999,0.5843333333333333,0.04,0.37566666666666665
27000,0.0,0.35,0.65
27001,0.01,0.7248333333333333,0.2651666666666666
27002,0.01,0.18,0.81
27003,0.23,0.1,0.67
27004,0.15,0.07,0.78
27005,0.06,0.65,0.29
27006,0.0,0.01,0.99
27007,0.04,0.6466666666666667,0.31333333333333335
27008,0.06333333333333332,0.435,0.5016666666666667
27009,0.0,0.21,0.79
27010,0.06,0.21,0.73
27011,0.19333333333333336,0.655,0.15166666666666667
27012,0.01,0.02,0.97
27013,0.34,0.16,0.5
27014,0.01,0.81,0.18
27015,0.04,0.4958333333333333,0.4641666666666667
27016,0.03,0.05,0.92
27017,0.0,0.02,0.98
27018,0.08,0.05,0.87
27019,0.20666666666666667,0.195,0.5983333333333333
27020,0.01,0.6909166666666667,0.2990833333333333
27021,0.01,0.62,0.37
27022,0.13,0.13,0.74
27023,0.05,0.48380952380952386,0.46619047619047616
27024,0.05,0.14,0.81
27025,0.01,0.03,0.96
27026,0.01,0.02,0.97
27027,0.01,0.0,0.99
27028,0.5525,0.09,0.3575
27029,0.02333333333333333,0.055,0.9216666666666667
27030,0.0,0.4966666666666666,0.5033333333333334
27031,0.7343333333333333,0.18233333333333335,0.08333333333333334
27032,0.28,0.01,0.71
27033,0.06,0.04,0.9
27034,0.175,0.155,0.67
27035,0.96,0.0,0.04
27036,0.0,0.01,0.99
27037,0.32,0.17,0.51
27038,0.01,0.06,0.93
27039,0.78,0.11,0.11
27040,0.11,0.04,0.85
27041,0.0,0.0,1.0
27042,0.1675,0.7725,0.06
27043,0.02,0.03,0.95
27044,0.0,0.01,0.99
27045,0.06,0.03,0.91
27046,0.03,0.06,0.91
27047,0.12333333333333332,0.45666666666666667,0.42
27048,0.63,0.37,0.0
27049,0.14,0.55,0.31
27050,0.05333333333333333,0.09,0.8566666666666666
27051,0.03,0.18333333333333335,0.7866666666666666
27052,0.03,0.04,0.93
27053,0.04166666666666666,0.11333333333333333,0.845
27054,0.02,0.03,0.95
27055,0.15783333333333333,0.8321666666666667,0.01
27056,0.11,0.88,0.01
27057,0.02,0.31,0.67
27058,0.49,0.29,0.22
27059,0.05,0.1025,0.8475
27060,0.02,0.2,0.78
27061,0.88,0.08,0.04
27062,0.42,0.03,0.55
27063,0.075,0.12,0.805
27064,0.0,0.01,0.99
27065,0.13,0.44875,0.42125
27066,0.01,0.01,0.98
27067,0.01,0.11,0.88
27068,0.7,0.0,0.3
27069,0.01,0.0,0.99
27070,0.017142857142857144,0.04,0.9428571428571427
27071,0.02,0.02,0.96
27072,0.0,0.12,0.88
27073,0.045166666666666674,0.17,0.7848333333333332
27074,0.05,0.66,0.29
27075,0.11511111111111111,0.14244444444444443,0.7424444444444446
27076,0.09,0.04,0.87
27077,0.003333333333333333,0.016666666666666666,0.98
27078,0.01,0.01,0.98
27079,0.0,0.06583333333333333,0.9341666666666667
27080,0.02,0.84,0.14
27081,0.06,0.02,0.92
27082,0.006666666666666666,0.01,0.9833333333333333
27083,0.13,0.07833333333333332,0.7916666666666665
27084,0.01,0.6,0.39
27085,0.01,0.02,0.97
27086,0.506,0.08666666666666666,0.4073333333333333
27087,0.04,0.18,0.78
27088,0.0,0.01,0.99
27089,0.125,0.08,0.795
27090,0.02,0.03,0.95
27091,0.12,0.73,0.15
27092,0.18916666666666668,0.6933333333333332,0.1175
27093,0.07400000000000001,0.72,0.20600000000000002
27094,0.18,0.02,0.8
27095,0.0,0.0,1.0
27096,0.06333333333333334,0.88,0.056666666666666664
27097,0.11,0.68,0.21
27098,0.05800000000000001,0.135,0.8069999999999999
27099,0.0,0.01,0.99
27100,0.01,0.06,0.93
27101,0.068,0.2,0.7319999999999999
27102,0.0,0.1313333333333333,0.8686666666666666
27103,0.0,0.06,0.94
27104,0.12,0.05,0.83
27105,0.02,0.0,0.98
27106,0.02,0.06,0.92
27107,0.075,0.07833333333333332,0.8466666666666666
27108,0.01,0.16,0.83
27109,0.138,0.3,0.562
27110,0.06,0.04,0.9
27111,0.015,0.05,0.935
27112,0.9591666666666667,0.0,0.04083333333333333
27113,0.005,0.03,0.965
27114,0.46,0.085,0.455
27115,0.31,0.64,0.05
27116,0.04,0.21,0.75
27117,0.05,0.33,0.62
27118,0.0,0.02,0.98
27119,0.01,0.935,0.055
27120,0.2,0.8,0.0
27121,0.15,0.78,0.07
27122,0.1,0.06,0.84
27123,0.16166666666666668,0.075,0.7633333333333333
27124,0.6,0.1,0.3
27125,0.04,0.06,0.9
27126,0.04,0.04166666666666667,0.9183333333333334
27127,0.3271666666666666,0.04,0.6328333333333334
27128,0.0125,0.07583333333333334,0.9116666666666666
27129,0.17333333333333337,0.06,0.7666666666666666
27130,0.02,0.02,0.96
27131,0.8014999999999999,0.0,0.1985
27132,0.22,0.04,0.74
27133,0.0,0.63,0.37
27134,0.028333333333333335,0.5936666666666667,0.37799999999999995
27135,0.12,0.87,0.01
27136,0.09,0.65,0.26
27137,0.01,0.07,0.92
27138,0.69,0.05,0.26
27139,0.0175,0.11,0.8725
27140,0.59,0.03,0.38
27141,0.05,0.2916666666666667,0.6583333333333333
27142,0.69,0.07,0.24
27143,0.04,0.03,0.93
27144,0.09,0.013999999999999999,0.8959999999999999
27145,0.88,0.07,0.05
27146,0.01,0.0,0.99
27147,0.08,0.11,0.81
27148,0.0,0.18,0.82
27149,0.04,0.2366666666666667,0.7233333333333333
27150,0.0,0.01,0.99
27151,0.05,0.08666666666666666,0.8633333333333333
27152,0.21,0.06,0.73
27153,0.0,0.08,0.92
27154,0.01,0.61,0.38
27155,0.03,0.16,0.81
27156,0.22166666666666668,0.16333333333333333,0.615
27157,0.18333333333333335,0.03,0.7866666666666666
27158,0.01,0.0,0.99
27159,0.0,0.02,0.98
27160,0.0,0.05,0.95
27161,0.61,0.01,0.38
27162,0.023333333333333334,0.43033333333333323,0.5463333333333334
27163,0.01,0.02,0.97
27164,0.01,0.02,0.97
27165,0.02,0.0,0.98
27166,0.085,0.145,0.77
27167,0.01,0.21,0.78
27168,0.07,0.29333333333333333,0.6366666666666666
27169,0.01,0.0,0.99
27170,0.26,0.01,0.73
27171,0.02,0.32916666666666666,0.6508333333333334
27172,0.0,0.01,0.99
27173,0.02,0.0,0.98
27174,0.01,0.581,0.40900000000000003
27175,0.3675833333333333,0.0,0.6324166666666666
27176,0.06,0.175,0.765
27177,0.05,0.49428571428571433,0.4557142857142857
27178,0.02,0.06333333333333332,0.9166666666666665
27179,0.0,0.02,0.98
27180,0.01,0.01,0.98
27181,0.23,0.055,0.715
27182,0.035,0.055,0.91
27183,0.0,0.01,0.99
27184,0.16,0.08,0.76
27185,0.04,0.03833333333333333,0.9216666666666667
27186,0.02,0.10333333333333332,0.8766666666666666
27187,0.01,0.08916666666666667,0.9008333333333333
27188,0.0075,0.05,0.9425
27189,0.0,0.08,0.92
27190,0.16766666666666666,0.0,0.8323333333333334
27191,0.24333333333333335,0.7066666666666666,0.05
27192,0.10666666666666666,0.03,0.8633333333333333
27193,0.01,0.03,0.96
27194,0.07,0.05666666666666667,0.8733333333333333
27195,0.0,0.0,1.0
27196,0.01,0.02,0.97
27197,0.12,0.21,0.67
27198,0.0,0.0,1.0
27199,0.06,0.06,0.88
27200,0.01,0.845,0.145
27201,0.01,0.09333333333333334,0.8966666666666667
27202,0.0,0.03,0.97
27203,0.03,0.03,0.94
27204,0.78,0.06,0.16
27205,0.18,0.0575,0.7625
27206,0.04,0.06,0.9
27207,0.04,0.0,0.96
27208,0.1,0.05,0.85
27209,0.27,0.07,0.66
27210,0.09,0.0,0.91
27211,0.0,0.38,0.62
27212,0.0,0.0,1.0
27213,0.05,0.06,0.89
27214,0.085,0.355,0.56
27215,0.07,0.145,0.785
27216,0.0,0.01,0.99
27217,0.9333333333333332,0.0,0.06666666666666667
27218,0.075,0.16,0.765
27219,0.09,0.21,0.7
27220,0.04,0.77,0.19
27221,0.84,0.021666666666666664,0.1383333333333333
27222,0.29,0.67,0.04
27223,0.04,0.07,0.89
27224,0.15,0.59,0.26
27225,0.0075,0.01,0.9825
27226,0.8,0.175,0.025
27227,0.15,0.85,0.0
27228,0.0,0.91,0.09
27229,0.02,0.22,0.76
27230,0.5781666666666666,0.065,0.3568333333333334
27231,0.0,0.12,0.88
27232,0.19,0.23,0.58
27233,0.27,0.6,0.13
27234,0.03,0.01,0.96
27235,0.03,0.06,0.91
27236,0.225,0.11,0.665
27237,0.14,0.7,0.16
27238,0.0,0.86,0.14
27239,0.0,0.46757142857142847,0.5324285714285715
27240,0.185,0.755,0.06
27241,0.4133333333333333,0.24,0.34666666666666673
27242,0.04333333333333334,0.01,0.9466666666666665
27243,0.68,0.04,0.28
27244,0.05,0.03,0.92
27245,0.0,0.0,1.0
27246,0.06,0.04,0.9
27247,0.14,0.15666666666666665,0.7033333333333335
27248,0.005,0.87,0.125
27249,0.0,0.035,0.965
27250,0.04666666666666667,0.23199999999999998,0.7213333333333333
27251,0.03,0.23,0.74
27252,0.21,0.14,0.65
27253,0.01,0.65,0.34
27254,0.08,0.28,0.64
27255,0.06,0.14,0.8
27256,0.21166666666666664,0.3075,0.4808333333333333
27257,0.76,0.015,0.225
27258,0.19166666666666665,0.21833333333333332,0.59
27259,0.05,0.18,0.77
27260,0.09333333333333334,0.66,0.24666666666666667
27261,0.02,0.13,0.85
27262,0.02,0.7933333333333334,0.18666666666666665
27263,0.11,0.386,0.504
27264,0.056666666666666664,0.25,0.6933333333333335
27265,0.0,0.0,1.0
27266,0.12,0.05,0.83
27267,0.24,0.56,0.2
27268,0.02,0.04,0.94
27269,0.09,0.06666666666666667,0.8433333333333334
27270,0.01,0.03,0.96
27271,0.03,0.62,0.35
27272,0.11,0.06,0.83
27273,0.15,0.15,0.7
27274,0.1,0.0,0.9
27275,0.03,0.02,0.95
27276,0.08,0.17,0.75
27277,0.07200000000000001,0.05,0.878
27278,0.01,0.11,0.88
27279,0.519,0.08199999999999999,0.39899999999999997
27280,0.02,0.66,0.32
27281,0.7,0.08,0.22
27282,0.0,0.07,0.93
27283,0.2193333333333333,0.7406666666666666,0.04
27284,0.12,0.83,0.05
27285,0.36,0.045,0.595
27286,0.12166666666666666,0.3208333333333333,0.5575000000000001
27287,0.01,0.4304761904761905,0.5595238095238095
27288,0.02,0.13,0.85
27289,0.0,0.08,0.92
27290,0.01,0.44,0.55
27291,0.06,0.2,0.74
27292,0.0,0.75,0.25
27293,0.24,0.11,0.65
27294,0.05,0.11,0.84
27295,0.0,0.01,0.99
27296,0.01,0.18,0.81
27297,0.45466666666666666,0.2053333333333333,0.34
27298,0.0,0.20916666666666664,0.7908333333333333
27299,0.06,0.145,0.795
27300,0.68,0.05,0.27
27301,0.02,0.12,0.86
27302,0.13416666666666668,0.8158333333333334,0.05
27303,0.67,0.0,0.33
27304,0.0,0.325,0.675
27305,0.02,0.03,0.95
27306,0.05071428571428571,0.0,0.9492857142857143
27307,0.0,0.01,0.99
27308,0.07,0.01,0.92
27309,0.07,0.04,0.89
27310,0.03,0.1,0.87
27311,0.03,0.05,0.92
27312,0.048,0.15,0.802
27313,0.02,0.03,0.95
27314,0.04,0.01,0.95
27315,0.0,0.06,0.94
27316,0.0,0.01,0.99
27317,0.07916666666666666,0.8908333333333335,0.03
27318,0.0,0.94,0.06
27319,0.03,0.15666666666666665,0.8133333333333335
27320,0.205,0.2033333333333333,0.5916666666666667
27321,0.0,0.02,0.98
27322,0.02166666666666667,0.04833333333333334,0.93
27323,0.11,0.24,0.65
27324,0.165,0.1975,0.6375
27325,0.01,0.54,0.45
27326,0.5266666666666666,0.06,0.41333333333333333
27327,0.22,0.65,0.13
27328,0.0,0.19916666666666663,0.8008333333333333
27329,0.0,0.01,0.99
27330,0.03,0.87,0.1
27331,0.36,0.01,0.63
27332,0.11,0.03,0.86
27333,0.48,0.06,0.46
27334,0.0,0.02,0.98
27335,0.02,0.09,0.89
27336,0.382,0.0,0.618
27337,0.7361666666666666,0.05,0.2138333333333333
27338,0.2,0.74,0.06
27339,0.05,0.36,0.59
27340,0.04,0.03,0.93
27341,0.0,0.02,0.98
27342,0.01,0.18333333333333335,0.8066666666666665
27343,0.0,0.01,0.99
27344,0.045,0.075,0.88
27345,0.21,0.11,0.68
27346,0.10233333333333335,0.12666666666666665,0.7709999999999999
27347,0.2021666666666667,0.06,0.7378333333333333
27348,0.03,0.04,0.93
27349,0.53,0.01,0.46
27350,0.03,0.16949999999999998,0.8005
27351,0.02,0.01,0.97
27352,0.099,0.0,0.9009999999999999
27353,0.05,0.13,0.82
27354,0.09,0.21,0.7
27355,0.0,0.03,0.97
27356,0.02,0.02,0.96
27357,0.02,0.15,0.83
27358,0.0,0.01,0.99
27359,0.0,0.5766666666666667,0.4233333333333333
27360,0.06,0.0,0.94
27361,0.03,0.97,0.0
27362,0.06,0.82,0.12
27363,0.05,0.0575,0.8925
27364,0.0,0.95,0.05
27365,0.43941666666666657,0.0,0.5605833333333333
27366,0.06,0.38666666666666666,0.5533333333333332
27367,0.08,0.03,0.89
27368,0.059000000000000004,0.721,0.22
27369,0.2041666666666667,0.7025,0.09333333333333332
27370,0.27949999999999997,0.7105,0.01
27371,0.95,0.0,0.05
27372,0.01,0.0,0.99
27373,0.08,0.66,0.26
27374,0.13,0.17,0.7
27375,0.02,0.075,0.905
27376,0.4658333333333334,0.15666666666666665,0.3775
27377,0.1,0.34,0.56
27378,0.386,0.59,0.024
27379,0.08,0.01,0.91
27380,0.4,0.56,0.04
27381,0.01,0.4730000000000001,0.5169999999999999
27382,0.1,0.4116666666666666,0.4883333333333333
27383,0.0,0.02,0.98
27384,0.01,0.61,0.38
27385,0.88,0.01,0.11
27386,0.145,0.13066666666666668,0.7243333333333334
27387,0.21,0.23,0.56
27388,0.0,0.02,0.98
27389,0.09,0.20666666666666664,0.7033333333333335
27390,0.64,0.23,0.13
27391,0.1275,0.0025,0.87
27392,0.01,0.0,0.99
27393,0.07,0.17066666666666663,0.7593333333333334
27394,0.11800000000000001,0.16,0.722
27395,0.0,0.01,0.99
27396,0.04,0.018333333333333333,0.9416666666666665
27397,0.01,0.98,0.01
27398,0.53,0.02,0.45
27399,0.0,0.73,0.27
27400,0.0,0.22,0.78
27401,0.14,0.0,0.86
27402,0.0,0.8825,0.1175
27403,0.05333333333333333,0.17666666666666664,0.77
27404,0.1,0.9,0.0
27405,0.22,0.3983333333333334,0.38166666666666665
27406,0.08,0.2383333333333333,0.6816666666666665
27407,0.03,0.1,0.87
27408,0.03,0.05,0.92
27409,0.056666666666666664,0.5448333333333333,0.39849999999999997
27410,0.0,0.01,0.99
27411,0.03,0.01,0.96
27412,0.12333333333333332,0.45666666666666667,0.42
27413,0.39,0.1286904761904762,0.4813095238095238
27414,0.0,0.95,0.05
27415,1.0,0.0,0.0
27416,0.0757142857142857,0.06166666666666667,0.8626190476190476
27417,0.11,0.16,0.73
27418,0.03,0.72,0.25
27419,0.0,0.99,0.01
27420,0.09316666666666666,0.14016666666666666,0.7666666666666666
27421,0.01,0.01,0.98
27422,0.02,0.04,0.94
27423,0.12573809523809523,0.33,0.5442619047619047
27424,0.9033333333333333,0.0,0.09666666666666666
27425,0.67,0.06,0.27
27426,0.03,0.06,0.91
27427,0.05,0.94,0.01
27428,0.0,0.09816666666666665,0.9018333333333334
27429,0.045,0.16,0.795
27430,0.09672619047619048,0.01,0.8932738095238096
27431,0.6154999999999999,0.062333333333333324,0.3221666666666667
27432,0.14,0.33,0.53
27433,0.09,0.475,0.435
27434,0.05,0.15,0.8
27435,0.02,0.1,0.88
27436,0.07416666666666666,0.1741666666666667,0.7516666666666666
27437,0.055,0.015,0.93
27438,0.0,0.01,0.99
27439,0.0,0.02,0.98
27440,0.1383333333333333,0.065,0.7966666666666667
27441,0.32,0.01,0.67
27442,0.01,0.04,0.95
27443,0.05,0.26,0.69
27444,0.21,0.09,0.7
27445,0.03,0.6141666666666666,0.3558333333333333
27446,0.09833333333333333,0.19416666666666665,0.7074999999999999
27447,0.04,0.3861666666666666,0.5738333333333334
27448,0.01,0.04,0.95
27449,0.01,0.04,0.95
27450,0.08,0.88,0.04
27451,0.03,0.01,0.96
27452,0.027142857142857146,0.012857142857142855,0.96
27453,0.0,0.605,0.395
27454,0.19,0.27,0.54
27455,0.025,0.13,0.845
27456,0.01,0.48,0.51
27457,0.04,0.08,0.88
27458,0.0875,0.14,0.7725
27459,0.37,0.29,0.34
27460,0.14,0.14238095238095239,0.7176190476190476
27461,0.034,0.07,0.8959999999999999
27462,0.01,0.13,0.86
27463,0.59,0.013333333333333332,0.3966666666666667
27464,0.13,0.18,0.69
27465,0.21833333333333335,0.11,0.6716666666666667
27466,0.04,0.49,0.47
27467,0.0,0.02,0.98
27468,0.0,0.0,1.0
27469,0.02,0.18,0.8
27470,0.07,0.0,0.93
27471,0.0375,0.05,0.9125
27472,0.03,0.05,0.92
27473,0.02,0.01,0.97
27474,0.69,0.09,0.22
27475,0.02,0.5533333333333333,0.4266666666666667
27476,0.04333333333333333,0.65,0.3066666666666667
27477,0.21,0.3735000000000001,0.4164999999999999
27478,0.01,0.03,0.96
27479,0.76,0.03,0.21
27480,0.06,0.48,0.46
27481,0.01,0.495,0.495
27482,0.035,0.11,0.855
27483,0.06666666666666667,0.32900000000000007,0.6043333333333334
27484,0.05,0.4218333333333332,0.5281666666666667
27485,0.17,0.12166666666666666,0.7083333333333335
27486,0.0,0.8,0.2
27487,0.21666666666666667,0.06,0.7233333333333333
27488,0.12,0.1725,0.7075
27489,0.03,0.0,0.97
27490,0.11,0.08,0.81
27491,0.16,0.7,0.14
27492,0.035,0.09,0.875
27493,0.0,0.0,1.0
27494,0.045,0.06,0.895
27495,0.03,0.2685,0.7015
27496,0.02,0.85,0.13
27497,0.013333333333333332,0.5066666666666666,0.48
27498,0.84,0.06,0.1
27499,0.21999999999999997,0.21,0.57
27500,0.02,0.01,0.97
27501,0.006,0.07,0.924
27502,0.01,0.95,0.04
27503,0.02,0.06,0.92
27504,0.01,0.84,0.15
27505,0.38,0.0,0.62
27506,0.406,0.07,0.524
27507,0.29333333333333333,0.03666666666666667,0.67
27508,0.02,0.05,0.93
27509,0.055,0.03,0.915
27510,0.67,0.03,0.3
27511,0.04,0.01,0.95
27512,0.0,0.0,1.0
27513,0.22066666666666668,0.7493333333333334,0.03
27514,0.08,0.08,0.84
27515,0.035,0.025,0.94
27516,0.0,0.325,0.675
27517,0.28,0.08,0.64
27518,0.12975,0.08,0.79025
27519,0.16,0.07666666666666666,0.7633333333333333
27520,0.02,0.29,0.69
27521,0.185,0.725,0.09
27522,0.16,0.77,0.07
27523,0.16,0.72,0.12
27524,0.08,0.24,0.68
27525,0.07,0.095,0.835
27526,0.05,0.06,0.89
27527,0.4118571428571428,0.05,0.5381428571428573
27528,0.05,0.08,0.87
27529,0.13,0.42,0.45
27530,0.02,0.54,0.44
27531,0.105,0.06,0.835
27532,0.01,0.01,0.98
27533,0.24,0.14142857142857143,0.6185714285714285
27534,0.06,0.6833333333333335,0.25666666666666665
27535,0.7,0.18,0.12
27536,0.13166666666666665,0.09,0.7783333333333333
27537,0.12833333333333333,0.2,0.6716666666666667
27538,0.01,0.6,0.39
27539,0.27666666666666667,0.57,0.15333333333333332
27540,0.025,0.01,0.965
27541,0.57,0.36,0.07
27542,0.0,0.71,0.29
27543,0.3495555555555555,0.0,0.6504444444444443
27544,0.03,0.01,0.96
27545,0.03,0.07,0.9
27546,0.28,0.17,0.55
27547,0.49,0.45,0.06
27548,0.11583333333333332,0.39149999999999996,0.49266666666666664
27549,0.04,0.3156666666666667,0.6443333333333334
27550,0.01,0.01,0.98
27551,0.05,0.12,0.83
27552,0.0,0.01,0.99
27553,0.01,0.3065,0.6835
27554,0.04,0.92,0.04
27555,0.013999999999999999,0.02,0.966
27556,0.0,0.37,0.63
27557,0.01,0.01,0.98
27558,0.03,0.07,0.9
27559,0.07,0.3,0.63
27560,0.08,0.105,0.815
27561,0.0,0.01,0.99
27562,0.02,0.62,0.36
27563,0.0,0.35114285714285715,0.6488571428571427
27564,0.045,0.06,0.895
27565,0.03,0.0,0.97
27566,0.0,0.02,0.98
27567,0.4225,0.05,0.5275
27568,0.3,0.59,0.11
27569,0.045,0.38,0.575
27570,0.08,0.04,0.88
27571,0.72,0.26,0.02
27572,0.23,0.07,0.7
27573,0.84,0.02,0.14
27574,0.08,0.14,0.78
27575,0.0,0.13,0.87
27576,0.0,0.85,0.15
27577,0.03,0.29,0.68
27578,0.085,0.07,0.845
27579,0.05,0.31,0.64
27580,0.0,0.24,0.76
27581,0.57,0.08,0.35
27582,0.245,0.21,0.545
27583,0.72,0.02,0.26
27584,0.01,0.15,0.84
27585,0.0,0.01,0.99
27586,0.09,0.0,0.91
27587,0.0,0.83,0.17
27588,0.0,0.98,0.02
27589,0.05,0.1,0.85
27590,0.1433333333333333,0.14,0.7166666666666667
27591,0.10666666666666666,0.06333333333333332,0.83
27592,0.01,0.01,0.98
27593,0.003333333333333333,0.1,0.8966666666666667
27594,0.014285714285714285,0.69,0.2957142857142857
27595,0.05,0.30333333333333334,0.6466666666666667
27596,0.04,0.02,0.94
27597,0.01,0.13,0.86
27598,0.06,0.04,0.9
27599,0.08,0.4356666666666667,0.4843333333333334
27600,0.68,0.01,0.31
27601,0.73,0.045,0.225
27602,0.15,0.38,0.47
27603,0.65,0.27,0.08
27604,0.09,0.0,0.91
27605,0.3041666666666667,0.3358333333333334,0.36
27606,0.08,0.0,0.92
27607,0.55,0.03,0.42
27608,0.05,0.03,0.92
27609,0.03,0.14,0.83
27610,0.01,0.73,0.26
27611,0.1175,0.7525,0.13
27612,0.0,0.61,0.39
27613,0.13,0.03,0.84
27614,0.98,0.01,0.01
27615,0.0,0.07,0.93
27616,0.83,0.17,0.0
27617,0.035,0.86,0.105
27618,0.03,0.02,0.95
27619,0.03,0.03,0.94
27620,0.24,0.44,0.32
27621,0.03,0.74,0.23
27622,0.03,0.86,0.11
27623,0.15,0.135,0.715
27624,0.05,0.12,0.83
27625,0.01,0.24,0.75
27626,0.654,0.04,0.306
27627,0.0,0.63,0.37
27628,0.2016666666666667,0.7983333333333335,0.0
27629,0.0,0.04,0.96
27630,0.025,0.045,0.93
27631,0.75,0.0,0.25
27632,0.0,0.04,0.96
27633,0.04,0.63,0.33
27634,0.7889999999999999,0.01,0.20099999999999998
27635,0.095,0.19,0.715
27636,0.12,0.25133333333333335,0.6286666666666667
27637,0.04,0.11333333333333334,0.8466666666666667
27638,0.24,0.04333333333333333,0.7166666666666666
27639,0.88,0.01,0.11
27640,0.04333333333333334,0.1375,0.8191666666666667
27641,0.04333333333333334,0.66,0.29666666666666663
27642,0.0,0.025,0.975
27643,0.11,0.42,0.47
27644,0.0,0.255,0.745
27645,0.05,0.87,0.08
27646,0.11,0.43,0.46
27647,0.44983333333333336,0.05,0.5001666666666665
27648,0.0,0.11,0.89
27649,0.0,0.01,0.99
27650,0.05761904761904762,0.82,0.1223809523809524
27651,0.1,0.07,0.83
27652,0.8014999999999999,0.0,0.1985
27653,0.02,0.01,0.97
27654,0.03,0.02,0.95
27655,0.06,0.02,0.92
27656,0.08,0.4435,0.4765
27657,0.10333333333333333,0.68,0.21666666666666667
27658,0.05,0.3,0.65
27659,0.0,0.021666666666666664,0.9783333333333333
27660,0.305,0.19,0.505
27661,0.0,0.02,0.98
27662,0.02,0.28,0.7
27663,0.1,0.2,0.7
27664,0.12,0.17,0.71
27665,0.64,0.025,0.335
27666,0.01,0.67,0.32
27667,0.01,0.0,0.99
27668,0.18,0.1,0.72
27669,0.045,0.175,0.78
27670,0.05,0.2755,0.6745000000000002
27671,0.63,0.06,0.31
27672,0.5491428571428572,0.02,0.4308571428571429
27673,0.04,0.04,0.92
27674,0.0,0.01,0.99
27675,0.025,0.48,0.495
27676,0.0,1.0,0.0
27677,0.01,0.04,0.95
27678,0.01,0.0,0.99
27679,0.055,0.74,0.205
27680,0.15,0.73,0.12
27681,0.0,0.66,0.34
27682,0.15,0.03,0.82
27683,0.0,0.93,0.07
27684,0.79,0.01,0.2
27685,0.055,0.205,0.74
27686,0.0,0.23,0.77
27687,0.01,0.69,0.3
27688,0.055,0.42933333333333334,0.5156666666666666
27689,0.02,0.7475,0.2325
27690,0.08,0.1,0.82
27691,0.01,0.0,0.99
27692,0.04666666666666666,0.23666666666666664,0.7166666666666667
27693,0.04,0.08,0.88
27694,0.0,0.06,0.94
27695,0.07,0.2,0.73
27696,0.02,0.45,0.53
27697,0.0175,0.09,0.8925
27698,0.23,0.245,0.525
27699,0.0,0.85,0.15
27700,0.595,0.365,0.04
27701,0.02,0.7,0.28
27702,0.01,0.11,0.88
27703,0.63,0.13566666666666669,0.23433333333333334
27704,0.02,0.23,0.75
27705,0.01,0.06766666666666667,0.9223333333333333
27706,0.01,0.02,0.97
27707,0.03833333333333334,0.17,0.7916666666666667
27708,0.03,0.01,0.96
27709,0.82,0.05,0.13
27710,0.06,0.0925,0.8475
27711,0.03,0.05,0.92
27712,0.08333333333333331,0.03,0.8866666666666666
27713,0.04,0.01,0.95
27714,0.08,0.25,0.67
27715,0.62,0.13,0.25
27716,0.0,0.17,0.83
27717,0.0,0.01,0.99
27718,0.08,0.03,0.89
27719,0.06,0.04,0.9
27720,0.93,0.0,0.07
27721,0.04,0.5933333333333334,0.3666666666666667
27722,0.01,0.03,0.96
27723,0.03,0.01,0.96
27724,0.12,0.3724761904761905,0.5075238095238095
27725,0.03,0.08,0.89
27726,0.27,0.015,0.715
27727,0.091,0.24066666666666664,0.6683333333333334
27728,0.0,0.0,1.0
27729,0.3695238095238096,0.02,0.6104761904761904
27730,0.056666666666666664,0.06,0.8833333333333334
27731,0.03,0.1,0.87
27732,0.05,0.01,0.94
27733,0.16,0.06333333333333334,0.7766666666666667
27734,0.02,0.12,0.86
27735,0.04,0.26666666666666666,0.6933333333333332
27736,0.14,0.75,0.11
27737,0.13,0.015,0.855
27738,0.01,0.02,0.97
27739,0.0,0.06,0.94
27740,0.0,0.29,0.71
27741,0.005,0.065,0.93
27742,0.01,0.98,0.01
27743,0.05333333333333334,0.07166666666666667,0.875
27744,0.03166666666666667,0.44,0.5283333333333333
27745,0.01,0.62,0.37
27746,0.5066666666666667,0.17333333333333337,0.32
27747,0.01,0.0,0.99
27748,0.02,0.0,0.98
27749,0.17,0.07,0.76
27750,0.0,0.0,1.0
27751,0.03,0.0,0.97
27752,0.035,0.06,0.905
27753,0.0,0.99,0.01
27754,0.15,0.335,0.515
27755,0.245,0.385,0.37
27756,0.04,0.1,0.86
27757,0.14,0.78,0.08
27758,0.03,0.97,0.0
27759,0.71,0.18,0.11
27760,0.09,0.0,0.91
27761,0.01,0.82,0.17
27762,0.13666666666666666,0.3283571428571429,0.5349761904761905
27763,0.23,0.14333333333333334,0.6266666666666666
27764,0.015,0.02,0.965
27765,0.05,0.03,0.92
27766,0.06,0.22,0.72
27767,0.02,0.665,0.315
27768,0.01,0.17,0.82
27769,0.04,0.28,0.68
27770,0.13,0.55,0.32
27771,0.57,0.09,0.34
27772,0.06,0.54,0.4
27773,0.01,0.82,0.17
27774,0.075,0.34,0.585
27775,0.2253333333333333,0.6946666666666667,0.08
27776,0.0,0.1,0.9
27777,0.01,0.7933333333333333,0.19666666666666666
27778,0.3616666666666667,0.5983333333333334,0.04
27779,0.22,0.1416666666666667,0.6383333333333333
27780,0.73,0.14,0.13
27781,0.025,0.06,0.915
27782,0.74,0.04,0.22
27783,0.02,0.66,0.32
27784,0.21,0.05,0.74
27785,0.07028571428571428,0.11,0.8197142857142856
27786,0.9,0.04,0.06
27787,0.04,0.01,0.95
27788,0.01,0.94,0.05
27789,0.02,0.06,0.92
27790,0.04,0.02,0.94
27791,0.034,0.05,0.9159999999999999
27792,0.6171428571428571,0.01,0.37285714285714283
27793,0.0,0.0,1.0
27794,0.0,0.0,1.0
27795,0.12,0.2733333333333334,0.6066666666666667
27796,0.023333333333333334,0.0,0.9766666666666666
27797,0.94,0.0,0.06
27798,0.0,0.034,0.966
27799,0.35,0.63,0.02
27800,0.01,0.0,0.99
27801,0.003333333333333333,0.18,0.8166666666666665
27802,0.023333333333333334,0.07,0.9066666666666667
27803,0.40733333333333327,0.07,0.5226666666666667
27804,0.04,0.0575,0.9025
27805,0.2733333333333334,0.6866666666666665,0.04
27806,0.04,0.1,0.86
27807,0.09,0.62,0.29
27808,0.03666666666666667,0.15,0.8133333333333332
27809,0.01,0.21,0.78
27810,0.07,0.01,0.92
27811,0.03,0.0,0.97
27812,0.20099999999999998,0.65,0.149
27813,0.1,0.12166666666666667,0.7783333333333333
27814,0.0,0.99,0.01
27815,0.0,1.0,0.0
27816,0.67,0.14,0.19
27817,0.4293333333333333,0.4806666666666667,0.09
27818,0.17366666666666664,0.01,0.8163333333333332
27819,0.07333333333333333,0.17666666666666664,0.75
27820,0.07333333333333333,0.15333333333333332,0.7733333333333333
27821,0.0,0.01,0.99
27822,0.02,0.21916666666666668,0.7608333333333335
27823,0.03,0.09,0.88
27824,0.65,0.04,0.31
27825,0.01,0.05,0.94
27826,0.19857142857142857,0.6464285714285714,0.155
27827,0.1,0.9,0.0
27828,0.01,0.105,0.885
27829,0.675,0.055,0.27
27830,0.45,0.095,0.455
27831,0.01,0.905,0.085
27832,0.7593333333333332,0.02,0.22066666666666668
27833,0.0,0.03,0.97
27834,0.05,0.09333333333333332,0.8566666666666667
27835,0.02333333333333333,0.03,0.9466666666666668
27836,0.075,0.07,0.855
27837,0.7225,0.06,0.2175
27838,0.04333333333333333,0.01,0.9466666666666668
27839,0.06,0.04,0.9
27840,0.02,0.16883333333333334,0.8111666666666666
27841,0.0,0.12483333333333332,0.8751666666666666
27842,0.02,0.02,0.96
27843,0.05,0.05,0.9
27844,0.03,0.21,0.76
27845,0.07,0.6366666666666666,0.29333333333333333
27846,0.03,0.43,0.54
27847,0.01,0.66,0.33
27848,0.0,0.01,0.99
27849,0.17,0.18166666666666664,0.6483333333333333
27850,0.02,0.71,0.27
27851,0.03,0.07,0.9
27852,0.135,0.21666666666666665,0.6483333333333334
27853,0.18,0.07,0.75
27854,0.1,0.47,0.43
27855,0.5666666666666667,0.013333333333333332,0.42
27856,0.1,0.07,0.83
27857,0.1,0.04,0.86
27858,0.6552738095238094,0.3447261904761904,0.0
27859,0.0,0.96,0.04
27860,0.01,0.075,0.915
27861,0.0,0.49,0.51
27862,0.0,0.0,1.0
27863,0.88,0.05,0.07
27864,0.16,0.255,0.585
27865,0.04,0.02,0.94
27866,0.03,0.0,0.97
27867,0.02,0.24,0.74
27868,0.1,0.16,0.74
27869,0.04,0.03,0.93
27870,0.07,0.1,0.83
27871,0.02,0.015,0.965
27872,0.0,0.01,0.99
27873,0.03,0.065,0.905
27874,0.06,0.41,0.53
