index,0,1,2
26457,0.04,0.27,0.69
26458,0.5,0.16666666666666669,0.33333333333333326
26459,0.095,0.12,0.785
26460,0.045,0.05,0.905
26461,0.0875,0.28,0.6325
26462,0.004,0.04,0.956
26463,0.43333333333333335,0.4566666666666667,0.11
26464,0.03,0.02,0.95
26465,0.06,0.09333333333333332,0.8466666666666667
26466,0.01,0.3,0.69
26467,0.02,0.02,0.96
26468,0.01,0.04,0.95
26469,0.74,0.08,0.18
26470,0.12,0.245,0.635
26471,0.045,0.08583333333333334,0.8691666666666668
26472,0.04,0.14,0.82
26473,0.04333333333333333,0.04,0.9166666666666667
26474,0.27,0.69,0.04
26475,0.6333333333333333,0.18,0.18666666666666668
26476,0.04,0.05,0.91
26477,0.09383333333333332,0.035,0.8711666666666668
26478,0.05333333333333334,0.07,0.8766666666666666
26479,0.0,0.05,0.95
26480,0.025,0.02,0.955
26481,0.04,0.636,0.324
26482,0.44,0.0,0.56
26483,0.018333333333333333,0.28,0.7016666666666665
26484,0.09,0.14,0.77
26485,0.0,0.0,1.0
26486,0.04,0.09,0.87
26487,0.04,0.175,0.785
26488,0.04,0.81,0.15
26489,0.0,0.31,0.69
26490,0.07,0.1,0.83
26491,0.01,0.03,0.96
26492,0.05285714285714285,0.15,0.7971428571428573
26493,0.89,0.1,0.01
26494,0.17,0.16,0.67
26495,0.02,0.01,0.97
26496,0.2916666666666667,0.10833333333333332,0.6
26497,0.01,0.9,0.09
26498,0.26,0.66,0.08
26499,0.02,0.1433333333333333,0.8366666666666667
26500,0.01,0.37,0.62
26501,0.07,0.41600000000000004,0.514
26502,0.0,0.0,1.0
26503,0.11,0.67,0.22
26504,0.115,0.326,0.5589999999999999
26505,0.08,0.06,0.86
26506,0.08,0.855,0.065
26507,0.08,0.77,0.15
26508,0.15,0.33,0.52
26509,0.245,0.1725,0.5825
26510,0.01,0.1,0.89
26511,0.03,0.03,0.94
26512,0.11,0.2375,0.6525
26513,0.0,0.0225,0.9775
26514,0.02,0.02333333333333333,0.9566666666666666
26515,0.0775,0.0,0.9225
26516,0.01,0.31,0.68
26517,0.305,0.575,0.12
26518,0.05,0.19,0.76
26519,0.8216666666666668,0.05333333333333333,0.125
26520,0.0,0.96,0.04
26521,0.02,0.07,0.91
26522,0.1175,0.15,0.7325
26523,0.10333333333333333,0.2,0.6966666666666665
26524,0.16,0.245,0.595
26525,0.15333333333333332,0.15666666666666665,0.69
26526,0.03,0.03,0.94
26527,0.096,0.81,0.094
26528,0.13,0.86,0.01
26529,0.63,0.059333333333333335,0.31066666666666665
26530,0.11333333333333334,0.2475,0.6391666666666667
26531,0.0,0.0,1.0
26532,0.8,0.04,0.16
26533,0.096,0.24,0.664
26534,0.01,0.03,0.96
26535,0.03,0.03,0.94
26536,0.24,0.16476190476190475,0.5952380952380952
26537,0.04,0.05,0.91
26538,0.05,0.55,0.4
26539,0.0,0.06,0.94
26540,0.23,0.08,0.69
26541,0.03,0.01,0.96
26542,0.05,0.02,0.93
26543,0.01,0.04,0.95
26544,0.26,0.15666666666666668,0.5833333333333334
26545,0.055,0.125,0.82
26546,0.03,0.05,0.92
26547,0.0,0.01,0.99
26548,0.07,0.03,0.9
26549,0.19166666666666665,0.7583333333333334,0.05
26550,0.0,0.3886190476190477,0.6113809523809525
26551,0.0,0.6616666666666666,0.33833333333333326
26552,0.02,0.065,0.915
26553,0.0,0.05,0.95
26554,0.135,0.62,0.245
26555,0.05,0.01,0.94
26556,0.0,0.08,0.92
26557,0.02,0.05,0.93
26558,0.77,0.04,0.19
26559,0.26,0.01,0.73
26560,0.094,0.1025,0.8035
26561,0.04,0.02,0.94
26562,0.01,0.03,0.96
26563,0.04,0.06,0.9
26564,0.003333333333333333,0.11666666666666668,0.88
26565,0.01,0.865,0.125
26566,0.07,0.03,0.9
26567,0.06,0.07,0.87
26568,0.13,0.82,0.05
26569,0.02,0.08,0.9
26570,0.09,0.5116666666666667,0.39833333333333326
26571,0.05,0.145,0.805
26572,0.016666666666666666,0.4817857142857143,0.501547619047619
26573,0.21233333333333335,0.17266666666666666,0.615
26574,0.195,0.045,0.76
26575,0.13,0.1,0.77
26576,0.1,0.02,0.88
26577,0.21916666666666665,0.29833333333333334,0.4825
26578,0.38,0.18,0.44
26579,0.23,0.68,0.09
26580,0.05,0.18,0.77
26581,0.135,0.1733333333333333,0.6916666666666665
26582,0.0,0.0,1.0
26583,0.05,0.04,0.91
26584,0.17,0.19,0.64
26585,0.0,0.93,0.07
26586,0.23,0.64,0.13
26587,0.1,0.5858333333333333,0.3141666666666667
26588,0.005714285714285714,0.04,0.9542857142857143
26589,0.14,0.08,0.78
26590,0.01,0.8291666666666666,0.16083333333333336
26591,0.25,0.6725,0.0775
26592,0.23,0.05,0.72
26593,0.02,0.64,0.34
26594,0.04,0.19,0.77
26595,0.04,0.01,0.95
26596,0.045,0.08,0.875
26597,0.29,0.4,0.31
26598,0.15,0.08,0.77
26599,0.0,0.0325,0.9675
26600,0.0,0.0,1.0
26601,0.01,0.16,0.83
26602,0.01,0.12,0.87
26603,0.045,0.07,0.885
26604,0.03,0.09,0.88
26605,0.0,0.07,0.93
26606,0.07,0.45,0.48
26607,0.14,0.86,0.0
26608,0.016,0.09,0.894
26609,0.03,0.04,0.93
26610,0.29333333333333333,0.6266666666666666,0.08
26611,0.02,0.2,0.78
26612,0.016666666666666666,0.5273333333333333,0.456
26613,0.0125,0.18,0.8075
26614,0.0,0.09,0.91
26615,0.17,0.15,0.68
26616,0.057999999999999996,0.0,0.9420000000000001
26617,0.09,0.07,0.84
26618,0.08,0.07,0.85
26619,0.075,0.2733333333333334,0.6516666666666666
26620,0.2,0.74,0.06
26621,0.01,0.03,0.96
26622,0.09,0.46,0.45
26623,0.01,0.878,0.11199999999999999
26624,0.04,0.16,0.8
26625,0.83,0.09,0.08
26626,0.18,0.03,0.79
26627,0.03,0.015,0.955
26628,0.01,0.05,0.94
26629,0.01,0.035,0.955
26630,0.02,0.11666666666666665,0.8633333333333333
26631,0.0,0.01,0.99
26632,0.33,0.195,0.475
26633,0.07,0.07,0.86
26634,0.02,0.05,0.93
26635,0.05,0.32,0.63
26636,0.02,0.39033333333333337,0.5896666666666668
26637,0.0,0.0525,0.9475
26638,0.02,0.97,0.01
26639,0.485,0.33,0.185
26640,0.035,0.16,0.805
26641,0.09,0.9,0.01
26642,0.02,0.09166666666666667,0.8883333333333334
26643,0.06,0.1,0.84
26644,0.03,0.11333333333333333,0.8566666666666667
26645,0.0,0.04,0.96
26646,0.88,0.01,0.11
26647,0.07,0.02,0.91
26648,0.045,0.81,0.145
26649,0.06833333333333334,0.08,0.8516666666666666
26650,0.92,0.06,0.02
26651,0.17,0.8,0.03
26652,0.32,0.006666666666666666,0.6733333333333335
26653,0.0455,0.011166666666666667,0.9433333333333335
26654,0.03,0.83,0.14
26655,0.055,0.605,0.34
26656,0.045,0.04533333333333333,0.9096666666666667
26657,0.1,0.1975,0.7025
26658,0.0,0.3,0.7
26659,0.19916666666666663,0.2125,0.5883333333333333
26660,0.0,0.62,0.38
26661,0.0425,0.06666666666666667,0.8908333333333335
26662,0.01,0.19,0.8
26663,0.07,0.64,0.29
26664,0.05,0.09,0.86
26665,0.1465,0.6,0.25350000000000006
26666,0.0,0.87,0.13
26667,0.01,0.03,0.96
26668,0.02,0.775,0.205
26669,0.02,0.49035714285714277,0.4896428571428572
26670,0.51,0.3,0.19
26671,0.07,0.1,0.83
26672,0.03,0.02,0.95
26673,0.23,0.11,0.66
26674,0.67,0.03,0.3
26675,0.01,0.135,0.855
26676,0.02,0.04,0.94
26677,0.02,0.01,0.97
26678,0.09,0.52,0.39
26679,0.23,0.18,0.59
26680,0.04,0.025,0.935
26681,0.11083333333333333,0.13,0.7591666666666665
26682,0.06,0.12,0.82
26683,0.0,0.32,0.68
26684,0.12333333333333332,0.215,0.6616666666666666
26685,0.2031666666666667,0.1525,0.6443333333333334
26686,0.02,0.065,0.915
26687,0.06,0.19666666666666666,0.7433333333333334
26688,0.06,0.92,0.02
26689,0.13,0.16,0.71
26690,0.02,0.02,0.96
26691,0.065,0.11,0.825
26692,0.0,0.1,0.9
26693,0.24,0.01,0.75
26694,0.6938333333333334,0.30616666666666675,0.0
26695,0.02,0.02,0.96
26696,0.013333333333333332,0.03,0.9566666666666667
26697,0.03,0.05,0.92
26698,0.04,0.06,0.9
26699,0.2,0.43,0.37
26700,0.03,0.58,0.39
26701,0.214,0.3176666666666667,0.4683333333333334
26702,0.23,0.21,0.56
26703,0.055,0.12,0.825
26704,0.0,0.0125,0.9875
26705,0.02,0.03,0.95
26706,0.14,0.06,0.8
26707,0.6633333333333334,0.045,0.2916666666666667
26708,0.044000000000000004,0.07,0.8859999999999999
26709,0.01,0.045,0.945
26710,0.14,0.29,0.57
26711,0.43,0.11,0.46
26712,0.0,0.15,0.85
26713,0.1,0.47,0.43
26714,0.11333333333333333,0.09,0.7966666666666665
26715,0.01,0.71,0.28
26716,0.02,0.93,0.05
26717,0.05,0.4321666666666667,0.5178333333333335
26718,0.1,0.12,0.78
26719,0.07,0.324,0.606
26720,0.31921428571428573,0.03,0.6507857142857142
26721,0.013333333333333332,0.4699999999999999,0.5166666666666666
26722,0.53,0.09,0.38
26723,0.2783333333333333,0.16,0.5616666666666666
26724,0.05,0.72,0.23
26725,0.02,0.08,0.9
26726,0.06166666666666667,0.88,0.05833333333333333
26727,0.01,0.07,0.92
26728,0.1,0.27999999999999997,0.62
26729,0.32,0.17,0.51
26730,0.02,0.37,0.61
26731,0.03,0.04666666666666666,0.9233333333333333
26732,0.35383333333333333,0.5511666666666667,0.095
26733,0.01,0.04,0.95
26734,0.01,0.26,0.73
26735,0.0,0.02,0.98
26736,0.05333333333333333,0.58,0.3666666666666667
26737,0.19816666666666663,0.01,0.7918333333333334
26738,0.01,0.05,0.94
26739,0.72,0.06,0.22
26740,0.01,0.07,0.92
26741,0.205,0.665,0.13
26742,0.05,0.1,0.85
26743,0.15,0.14,0.71
26744,0.16252380952380954,0.07,0.7674761904761905
26745,0.02,0.0,0.98
26746,0.6,0.09333333333333332,0.3066666666666667
26747,0.03,0.88,0.09
26748,0.28,0.7,0.02
26749,0.006666666666666666,0.22,0.7733333333333334
26750,0.01,0.03,0.96
26751,0.06,0.08,0.86
26752,0.02,0.75,0.23
26753,0.06,0.08666666666666666,0.8533333333333334
26754,0.01,0.0,0.99
26755,0.01,0.03666666666666667,0.9533333333333333
26756,0.33,0.03,0.64
26757,0.02,0.03,0.95
26758,0.64,0.16533333333333336,0.19466666666666665
26759,0.15,0.37,0.48
26760,0.58,0.19,0.23
26761,0.01,0.08999999999999998,0.8999999999999999
26762,0.04,0.03,0.93
26763,0.07,0.115,0.815
26764,0.052222222222222225,0.14777777777777779,0.8
26765,0.02,0.06,0.92
26766,0.0,0.32,0.68
26767,0.08666666666666666,0.06,0.8533333333333333
26768,0.05,0.95,0.0
26769,0.28,0.26,0.46
26770,0.05,0.09,0.86
26771,0.0525,0.9475,0.0
26772,0.87,0.02,0.11
26773,0.17,0.114,0.716
26774,0.205,0.24,0.555
26775,0.01,0.1,0.89
26776,0.0,0.04,0.96
26777,0.02,0.05,0.93
26778,0.02,0.03,0.95
26779,0.056666666666666664,0.1733333333333333,0.77
26780,0.01,0.145,0.845
26781,0.01,0.13,0.86
26782,0.0275,0.10333333333333332,0.8691666666666665
26783,0.1,0.09,0.81
26784,0.07,0.72,0.21
26785,0.02,0.2,0.78
26786,0.83,0.05,0.12
26787,0.0,0.0,1.0
26788,0.0,0.7,0.3
26789,0.135,0.395,0.47
26790,0.0125,0.56,0.4275
26791,0.02,0.03666666666666667,0.9433333333333332
26792,0.07,0.095,0.835
26793,0.0,0.18483333333333338,0.8151666666666667
26794,0.013333333333333332,0.09166666666666666,0.895
26795,0.0,0.42983333333333335,0.5701666666666667
26796,0.19,0.8,0.01
26797,0.08,0.37683333333333335,0.5431666666666666
26798,0.73,0.11,0.16
26799,0.032,0.1,0.868
26800,0.02,0.91,0.07
26801,0.01,0.87,0.12
26802,0.11416666666666667,0.03,0.8558333333333334
26803,0.04,0.21,0.75
26804,0.0125,0.05,0.9375
26805,0.01,0.04,0.95
26806,0.021666666666666664,0.5683333333333332,0.41
26807,0.0225,0.0,0.9775
26808,0.01,0.23,0.76
26809,0.02,0.175,0.805
26810,0.04,0.09,0.87
26811,0.025,0.02,0.955
26812,0.03,0.06,0.91
26813,0.08833333333333333,0.43,0.48166666666666663
26814,0.27,0.155,0.575
26815,0.12333333333333332,0.20666666666666664,0.67
26816,0.01,0.64,0.35
26817,0.07333333333333333,0.016666666666666666,0.91
26818,0.03666666666666667,0.11833333333333335,0.845
26819,0.12,0.035,0.845
26820,0.155,0.815,0.03
26821,0.09,0.88,0.03
26822,0.1,0.19666666666666668,0.7033333333333335
26823,0.03666666666666667,0.06166666666666667,0.9016666666666666
26824,0.005,0.06,0.935
26825,0.03,0.135,0.835
26826,0.016666666666666666,0.04,0.9433333333333335
26827,0.13,0.24533333333333335,0.6246666666666666
26828,0.15,0.115,0.735
26829,0.05,0.02,0.93
26830,0.02,0.11,0.87
26831,0.04333333333333333,0.14,0.8166666666666668
26832,0.01,0.06,0.93
26833,0.0,0.06,0.94
26834,0.01,0.23,0.76
26835,0.98,0.01,0.01
26836,0.10583333333333332,0.3141666666666667,0.58
26837,0.14,0.06,0.8
26838,0.04,0.6866190476190477,0.27338095238095245
26839,0.8,0.02,0.18
26840,0.21,0.21666666666666665,0.5733333333333334
26841,0.02,0.01,0.97
26842,0.01,0.05,0.94
26843,0.205,0.20433333333333334,0.5906666666666667
26844,0.0,0.79,0.21
26845,0.29,0.03,0.68
26846,0.0,0.04,0.96
26847,0.1775,0.21,0.6125
26848,0.2,0.2046666666666667,0.5953333333333333
26849,0.06,0.06,0.88
26850,0.15,0.2,0.65
26851,0.085,0.1975,0.7175
26852,0.0,0.86,0.14
26853,0.04,0.09,0.87
26854,0.142,0.8079999999999999,0.05
26855,0.03,0.13,0.84
26856,0.19,0.04,0.77
26857,0.05,0.465,0.485
26858,0.0,0.97,0.03
26859,0.0,0.78,0.22
26860,0.06,0.84,0.1
26861,0.01583333333333333,0.4,0.5841666666666666
26862,0.08333333333333334,0.125,0.7916666666666667
26863,0.005,0.02,0.975
26864,0.0,0.59,0.41
26865,0.06,0.13,0.81
26866,0.0,0.02,0.98
26867,0.09333333333333332,0.1,0.8066666666666668
26868,0.06,0.09,0.85
26869,0.0,0.0,1.0
26870,0.02,0.86,0.12
26871,0.43,0.1,0.47
26872,0.03,0.1,0.87
26873,0.01,0.06166666666666666,0.9283333333333332
26874,0.06,0.66,0.28
26875,0.0,0.4366190476190476,0.5633809523809524
26876,0.01,0.04,0.95
26877,0.04,0.04,0.92
26878,0.1366666666666667,0.25916666666666666,0.6041666666666666
26879,0.0,0.04,0.96
26880,0.65,0.01,0.34
26881,0.03,0.03,0.94
26882,0.3,0.006666666666666666,0.6933333333333332
26883,0.08,0.18,0.74
26884,0.03666666666666667,0.825,0.1383333333333333
26885,0.57,0.056666666666666664,0.3733333333333333
26886,0.02,0.01,0.97
26887,0.035,0.08,0.885
26888,0.35,0.07083333333333333,0.5791666666666666
26889,0.02,0.08,0.9
26890,0.025,0.16333333333333333,0.8116666666666665
26891,0.06,0.65,0.29
26892,0.0675,0.27,0.6625
26893,0.05,0.06,0.89
26894,0.0,0.02,0.98
26895,0.07,0.39,0.54
26896,0.09,0.265,0.645
26897,0.04,0.105,0.855
26898,0.018000000000000002,0.02,0.9620000000000001
26899,0.25,0.175,0.575
26900,0.02,0.06,0.92
26901,0.0,0.04,0.96
26902,0.0,0.026666666666666665,0.9733333333333333
26903,0.05,0.13,0.82
26904,0.24,0.69,0.07
26905,0.03,0.07333333333333333,0.8966666666666666
26906,0.01,0.02,0.97
26907,0.05,0.09,0.86
26908,0.0,0.02,0.98
26909,0.0,0.945,0.055
26910,0.16,0.2733333333333333,0.5666666666666667
26911,0.02,0.03666666666666667,0.9433333333333335
26912,0.04,0.07,0.89
26913,0.14,0.0,0.86
26914,0.01,0.12583333333333332,0.8641666666666665
26915,0.20833333333333331,0.09666666666666668,0.695
26916,0.185,0.805,0.01
26917,0.0,0.04,0.96
26918,0.04,0.1,0.86
26919,0.9059999999999999,0.08,0.013999999999999999
26920,0.03,0.07,0.9
26921,0.01,0.7676904761904763,0.22230952380952385
26922,0.085,0.42266666666666663,0.49233333333333335
26923,0.02,0.05,0.93
26924,0.12333333333333334,0.1225,0.7541666666666668
26925,0.09666666666666668,0.07,0.8333333333333333
26926,0.23,0.32,0.45
26927,0.13666666666666666,0.12333333333333334,0.74
26928,0.09,0.9,0.01
26929,0.035,0.07433333333333332,0.8906666666666666
26930,0.035,0.81,0.155
26931,0.43066666666666664,0.4793333333333334,0.09
26932,0.02,0.62,0.36
26933,0.72,0.07,0.21
26934,0.07,0.16,0.77
26935,0.02,0.05,0.93
26936,0.01,0.01,0.98
26937,0.08,0.235,0.685
26938,0.195,0.655,0.15
26939,0.34,0.62,0.04
26940,0.09916666666666667,0.1733333333333333,0.7275
26941,0.03,0.078,0.892
26942,0.02,0.15,0.83
26943,0.01,0.71,0.28
26944,0.019166666666666665,0.085,0.8958333333333335
26945,0.0275,0.8,0.1725
26946,0.03,0.05666666666666667,0.9133333333333334
26947,0.03833333333333334,0.09,0.8716666666666667
26948,0.07,0.17,0.76
26949,0.54,0.0,0.46
26950,0.03,0.04,0.93
26951,0.86,0.1,0.04
26952,0.1,0.235,0.665
26953,0.0,0.0,1.0
26954,0.05,0.05,0.9
26955,0.01,0.8,0.19
26956,0.02,0.64,0.34
26957,0.98,0.01,0.01
26958,0.65,0.045,0.305
26959,0.0,0.04,0.96
26960,0.03,0.07916666666666666,0.8908333333333333
26961,0.01,0.03,0.96
26962,0.03,0.83,0.14
26963,0.24,0.01,0.75
26964,0.08,0.24,0.68
26965,0.03,0.58,0.39
26966,0.09,0.265,0.645
26967,0.01,0.025,0.965
26968,0.218,0.24,0.542
26969,0.03,0.02,0.95
26970,0.07,0.08,0.85
26971,0.0,0.07,0.93
26972,0.21,0.65,0.14
26973,0.095,0.2025,0.7025
26974,0.05,0.03,0.92
26975,0.0,0.03,0.97
26976,0.25,0.675,0.075
26977,0.2,0.18333333333333335,0.6166666666666667
26978,0.03333333333333333,0.14766666666666667,0.8190000000000001
26979,0.10666666666666667,0.36,0.5333333333333333
26980,0.026666666666666665,0.07,0.9033333333333333
26981,0.05,0.59,0.36
26982,0.07,0.11,0.82
26983,0.09,0.3233333333333333,0.5866666666666667
26984,0.055,0.135,0.81
26985,0.04,0.5833333333333333,0.37666666666666665
26986,0.02,0.0,0.98
26987,0.02,0.93,0.05
26988,0.01,0.84,0.15
26989,0.12833333333333333,0.18,0.6916666666666665
26990,0.01,0.05,0.94
26991,0.0,0.01,0.99
26992,0.07,0.58,0.35
26993,0.03,0.05,0.92
26994,0.23,0.2333333333333333,0.5366666666666667
26995,0.013999999999999999,0.51,0.47600000000000003
26996,0.04,0.03,0.93
26997,0.48825,0.48174999999999996,0.03
26998,0.25,0.07,0.68
26999,0.58,0.02,0.4
27000,0.01,0.37,0.62
27001,0.03,0.6771666666666667,0.29283333333333333
27002,0.05,0.17,0.78
27003,0.14,0.19,0.67
27004,0.11,0.085,0.805
27005,0.05,0.62,0.33
27006,0.01,0.01,0.98
27007,0.10400000000000001,0.61,0.28600000000000003
27008,0.08,0.43,0.49
27009,0.02,0.22,0.76
27010,0.08833333333333332,0.24,0.6716666666666665
27011,0.22,0.64,0.14
27012,0.03,0.02,0.95
27013,0.3933333333333333,0.174,0.43266666666666664
27014,0.02,0.8,0.18
27015,0.08,0.5725,0.3475
27016,0.03,0.05,0.92
27017,0.016666666666666666,0.02,0.9633333333333333
27018,0.061190476190476184,0.04,0.898809523809524
27019,0.0675,0.20350000000000001,0.7290000000000001
27020,0.0,0.6984166666666667,0.3015833333333333
27021,0.0,0.64,0.36
27022,0.01,0.2275,0.7625
27023,0.01,0.49247619047619046,0.49752380952380953
27024,0.07,0.11,0.82
27025,0.03,0.0,0.97
27026,0.01,0.05,0.94
27027,0.01,0.0,0.99
27028,0.35,0.155,0.495
27029,0.07333333333333333,0.115,0.8116666666666665
27030,0.0,0.4966666666666666,0.5033333333333334
27031,0.7068333333333332,0.18316666666666667,0.11
27032,0.2775,0.042,0.6805
27033,0.03,0.04,0.93
27034,0.132,0.1758333333333333,0.6921666666666667
27035,0.98,0.01,0.01
27036,0.0,0.0,1.0
27037,0.3,0.195,0.505
27038,0.0,0.05,0.95
27039,0.8,0.06,0.14
27040,0.07,0.03,0.9
27041,0.0,0.01,0.99
27042,0.245,0.695,0.06
27043,0.03,0.03,0.94
27044,0.01,0.006000000000000001,0.9839999999999999
27045,0.05,0.02,0.93
27046,0.01,0.05,0.94
27047,0.1,0.56,0.34
27048,0.63,0.37,0.0
27049,0.205,0.39166666666666666,0.40333333333333327
27050,0.06833333333333333,0.08,0.8516666666666666
27051,0.01,0.15833333333333333,0.8316666666666666
27052,0.03,0.09,0.88
27053,0.02,0.1,0.88
27054,0.056666666666666664,0.03333333333333333,0.91
27055,0.04428571428571429,0.9457142857142857,0.01
27056,0.08333333333333331,0.9066666666666666,0.01
27057,0.0,0.19,0.81
27058,0.6,0.27,0.13
27059,0.04,0.18666666666666665,0.7733333333333334
27060,0.06,0.11,0.83
27061,0.88,0.07,0.05
27062,0.5,0.052000000000000005,0.44799999999999995
27063,0.03,0.07,0.9
27064,0.01,0.02,0.97
27065,0.12,0.38,0.5
27066,0.0,0.01,0.99
27067,0.02,0.27,0.71
27068,0.53,0.03,0.44
27069,0.0,0.0,1.0
27070,0.005,0.05,0.945
27071,0.01,0.03,0.96
27072,0.01,0.09,0.9
27073,0.0315,0.15,0.8184999999999999
27074,0.03,0.675,0.295
27075,0.4955,0.22033333333333333,0.2841666666666666
27076,0.165,0.095,0.74
27077,0.03,0.09,0.88
27078,0.0,0.0,1.0
27079,0.0,0.0725,0.9274999999999999
27080,0.01,0.87,0.12
27081,0.05,0.04,0.91
27082,0.02,0.03,0.95
27083,0.07,0.175,0.755
27084,0.03,0.64,0.33
27085,0.01,0.0,0.99
27086,0.4778333333333334,0.05333333333333334,0.4688333333333333
27087,0.135,0.3,0.565
27088,0.01,0.01,0.98
27089,0.07,0.1625,0.7675
27090,0.0,0.02,0.98
27091,0.1875,0.75,0.0625
27092,0.2,0.68,0.12
27093,0.05,0.71,0.24
27094,0.17,0.02,0.81
27095,0.0,0.01,0.99
27096,0.09333333333333334,0.8966666666666667,0.01
27097,0.15083333333333335,0.34,0.5091666666666667
27098,0.081,0.26,0.659
27099,0.0,0.0,1.0
27100,0.06,0.025,0.915
27101,0.081,0.26,0.659
27102,0.02,0.16666666666666669,0.8133333333333332
27103,0.01,0.06,0.93
27104,0.09333333333333332,0.08,0.8266666666666665
27105,0.02,0.0,0.98
27106,0.03,0.01,0.96
27107,0.14,0.154,0.706
27108,0.02,0.08,0.9
27109,0.25166666666666665,0.27166666666666667,0.4766666666666666
27110,0.03,0.06,0.91
27111,0.04,0.01,0.95
27112,0.9641666666666667,0.0,0.035833333333333335
27113,0.02,0.02333333333333333,0.9566666666666666
27114,0.41,0.08,0.51
27115,0.3,0.6,0.1
27116,0.056666666666666664,0.4433333333333333,0.5
27117,0.07333333333333333,0.31666666666666665,0.61
27118,0.02,0.01,0.97
27119,0.02,0.94,0.04
27120,0.24,0.76,0.0
27121,0.15166666666666667,0.7183333333333334,0.13
27122,0.084,0.13,0.7859999999999999
27123,0.09483333333333334,0.035,0.8701666666666666
27124,0.53,0.13,0.34
27125,0.02,0.07,0.91
27126,0.04666666666666667,0.09333333333333334,0.86
27127,0.34299999999999997,0.01,0.6469999999999999
27128,0.02166666666666667,0.15166666666666667,0.8266666666666665
27129,0.21183333333333335,0.005,0.7831666666666667
27130,0.03,0.01,0.96
27131,0.8098333333333332,0.006666666666666666,0.18350000000000002
27132,0.215,0.0,0.785
27133,0.0,0.645,0.355
27134,0.04,0.684,0.276
27135,0.11,0.88,0.01
27136,0.05,0.64,0.31
27137,0.01,0.04,0.95
27138,0.68,0.06,0.26
27139,0.0525,0.22,0.7275
27140,0.41,0.09,0.5
27141,0.1,0.4053333333333333,0.4946666666666667
27142,0.6566666666666667,0.11,0.2333333333333333
27143,0.03,0.07,0.9
27144,0.05,0.05,0.9
27145,0.83,0.02,0.15
27146,0.035,0.0,0.965
27147,0.03,0.08,0.89
27148,0.04,0.17,0.79
27149,0.03,0.23,0.74
27150,0.02,0.02,0.96
27151,0.08,0.125,0.795
27152,0.2,0.01,0.79
27153,0.01,0.05,0.94
27154,0.0,0.63,0.37
27155,0.03,0.07,0.9
27156,0.18333333333333332,0.1725,0.6441666666666667
27157,0.09583333333333333,0.18,0.7241666666666667
27158,0.0,0.0,1.0
27159,0.03,0.04,0.93
27160,0.0,0.06,0.94
27161,0.65,0.07,0.28
27162,0.026666666666666665,0.43033333333333323,0.5430000000000001
27163,0.0,0.02,0.98
27164,0.06,0.07,0.87
27165,0.0,0.0,1.0
27166,0.11,0.1425,0.7475
27167,0.16,0.192,0.648
27168,0.1425,0.2175,0.64
27169,0.0,0.0,1.0
27170,0.2575,0.0425,0.7
27171,0.01,0.37416666666666665,0.6158333333333335
27172,0.0,0.02,0.98
27173,0.0,0.05,0.95
27174,0.0,0.6456666666666666,0.3543333333333334
27175,0.3291666666666667,0.0,0.6708333333333334
27176,0.2475,0.1425,0.61
27177,0.045,0.28,0.675
27178,0.07,0.11,0.82
27179,0.01,0.02,0.97
27180,0.06666666666666667,0.11,0.8233333333333333
27181,0.275,0.03,0.695
27182,0.03,0.06333333333333332,0.9066666666666667
27183,0.0,0.01,0.99
27184,0.1,0.2,0.7
27185,0.05,0.08,0.87
27186,0.01,0.12333333333333332,0.8666666666666667
27187,0.06,0.06,0.88
27188,0.025,0.06714285714285714,0.9078571428571428
27189,0.04,0.188,0.772
27190,0.18266666666666664,0.01,0.8073333333333333
27191,0.2825,0.6275,0.09
27192,0.11,0.055999999999999994,0.8340000000000001
27193,0.005,0.04,0.955
27194,0.14333333333333334,0.1,0.7566666666666667
27195,0.0,0.0,1.0
27196,0.04,0.04,0.92
27197,0.2,0.04,0.76
27198,0.0,0.0,1.0
27199,0.09,0.04,0.87
27200,0.05,0.76,0.19
27201,0.095,0.125,0.78
27202,0.02,0.1,0.88
27203,0.02333333333333333,0.0,0.9766666666666667
27204,0.73,0.075,0.195
27205,0.14333333333333334,0.08666666666666666,0.77
27206,0.01,0.03,0.96
27207,0.06,0.03,0.91
27208,0.09,0.08,0.83
27209,0.25,0.08,0.67
27210,0.07,0.013333333333333332,0.9166666666666665
27211,0.04,0.4,0.56
27212,0.01,0.0,0.99
27213,0.1,0.06,0.84
27214,0.15166666666666667,0.265,0.5833333333333333
27215,0.05,0.1075,0.8425
27216,0.0,0.02,0.98
27217,0.8475,0.04,0.1125
27218,0.06,0.28,0.66
27219,0.08,0.26166666666666666,0.6583333333333334
27220,0.03,0.76,0.21
27221,0.91,0.03666666666666667,0.05333333333333333
27222,0.285,0.715,0.0
27223,0.02,0.09,0.89
27224,0.12,0.64,0.24
27225,0.01,0.01,0.98
27226,0.805,0.16,0.034999999999999996
27227,0.16,0.84,0.0
27228,0.0,0.94,0.06
27229,0.11,0.12,0.77
27230,0.6260000000000001,0.0,0.37400000000000005
27231,0.02,0.12,0.86
27232,0.1375,0.2525,0.61
27233,0.25,0.67,0.08
27234,0.01,0.05,0.94
27235,0.03,0.035,0.935
27236,0.21,0.16,0.63
27237,0.09,0.7633333333333333,0.14666666666666667
27238,0.0,0.9,0.1
27239,0.01,0.45823809523809517,0.5317619047619049
27240,0.16,0.71,0.13
27241,0.41,0.22,0.37
27242,0.04,0.04,0.92
27243,0.685,0.04,0.275
27244,0.04333333333333333,0.01,0.9466666666666665
27245,0.0,0.01,0.99
27246,0.06,0.03,0.91
27247,0.094,0.17,0.736
27248,0.02,0.89,0.09
27249,0.0,0.06,0.94
27250,0.15,0.18249999999999997,0.6675
27251,0.06,0.24,0.7
27252,0.275,0.14,0.585
27253,0.03,0.83,0.14
27254,0.0895,0.20199999999999999,0.7084999999999999
27255,0.07,0.07,0.86
27256,0.258,0.175,0.5670000000000001
27257,0.76,0.01,0.23
27258,0.18466666666666667,0.2175,0.5978333333333334
27259,0.1,0.16,0.74
27260,0.17,0.64,0.19
27261,0.07,0.11166666666666668,0.8183333333333332
27262,0.04,0.7833333333333334,0.17666666666666664
27263,0.12,0.33,0.55
27264,0.03,0.15,0.82
27265,0.0,0.0,1.0
27266,0.33,0.12,0.55
27267,0.2016666666666667,0.5683333333333332,0.23
27268,0.02,0.01,0.97
27269,0.09,0.06,0.85
27270,0.02,0.04666666666666666,0.9333333333333332
27271,0.02,0.61,0.37
27272,0.15,0.05,0.8
27273,0.09166666666666667,0.306,0.6023333333333334
27274,0.06,0.03,0.91
27275,0.01,0.04,0.95
27276,0.03,0.18600000000000003,0.784
27277,0.19,0.03,0.78
27278,0.01,0.08,0.91
27279,0.19950000000000004,0.135,0.6655
27280,0.03,0.66,0.31
27281,0.78,0.03,0.19
27282,0.0,0.07,0.93
27283,0.42766666666666664,0.5223333333333333,0.05
27284,0.08,0.87,0.05
27285,0.33,0.06166666666666667,0.6083333333333334
27286,0.12,0.31916666666666665,0.5608333333333333
27287,0.0,0.4304761904761905,0.5695238095238095
27288,0.05,0.15,0.8
27289,0.02,0.14,0.84
27290,0.022000000000000002,0.485,0.493
27291,0.13,0.1,0.77
27292,0.0,0.7,0.3
27293,0.14,0.2833333333333333,0.5766666666666667
27294,0.15,0.175,0.675
27295,0.01,0.02,0.97
27296,0.02,0.18,0.8
27297,0.16033333333333336,0.23633333333333337,0.6033333333333333
27298,0.01,0.16583333333333333,0.8241666666666666
27299,0.075,0.17883333333333332,0.7461666666666668
27300,0.25,0.145,0.605
27301,0.125,0.095,0.78
27302,0.1225,0.8075,0.07
27303,0.67,0.02,0.31
27304,0.0,0.3188333333333333,0.6811666666666666
27305,0.0,0.03,0.97
27306,0.060714285714285714,0.0,0.9392857142857143
27307,0.015,0.01,0.975
27308,0.02,0.05,0.93
27309,0.02,0.035,0.945
27310,0.06,0.08,0.86
27311,0.03,0.06,0.91
27312,0.2175,0.1,0.6825
27313,0.01,0.01,0.98
27314,0.0,0.05,0.95
27315,0.0,0.05,0.95
27316,0.0,0.01,0.99
27317,0.23,0.644,0.126
27318,0.0,0.96,0.04
27319,0.03,0.13,0.84
27320,0.16833333333333336,0.28,0.5516666666666666
27321,0.01,0.0,0.99
27322,0.01,0.05,0.94
27323,0.04,0.11,0.85
27324,0.2366666666666667,0.18066666666666667,0.5826666666666667
27325,0.02,0.61,0.37
27326,0.4341666666666667,0.14,0.4258333333333333
27327,0.1675,0.6425,0.19
27328,0.0,0.14,0.86
27329,0.0,0.0,1.0
27330,0.035,0.865,0.1
27331,0.26,0.04,0.7
27332,0.06,0.08266666666666665,0.8573333333333334
27333,0.64,0.06,0.3
27334,0.01,0.01,0.98
27335,0.01,0.08,0.91
27336,0.4075,0.0,0.5925
27337,0.5826666666666667,0.135,0.2823333333333333
27338,0.18,0.59,0.23
27339,0.09,0.19,0.72
27340,0.04,0.05,0.91
27341,0.0,0.02,0.98
27342,0.0,0.22816666666666666,0.7718333333333333
27343,0.01,0.0,0.99
27344,0.03,0.11533333333333333,0.8546666666666667
27345,0.25,0.09,0.66
27346,0.08,0.13,0.79
27347,0.26216666666666666,0.05,0.6878333333333334
27348,0.02,0.10333333333333333,0.8766666666666666
27349,0.5242857142857144,0.0,0.4757142857142857
27350,0.08,0.07,0.85
27351,0.01,0.035,0.955
27352,0.06400000000000002,0.0,0.9359999999999999
27353,0.035,0.09,0.875
27354,0.125,0.31666666666666665,0.5583333333333333
27355,0.0,0.05,0.95
27356,0.01,0.03,0.96
27357,0.03,0.13,0.84
27358,0.03,0.013333333333333332,0.9566666666666667
27359,0.05,0.3066666666666667,0.6433333333333334
27360,0.07,0.0725,0.8575
27361,0.045,0.94,0.015
27362,0.1,0.75,0.15
27363,0.06,0.02,0.92
27364,0.0,0.94,0.06
27365,0.41941666666666655,0.01,0.5705833333333333
27366,0.08,0.28,0.64
27367,0.05,0.09,0.86
27368,0.069,0.721,0.21
27369,0.24,0.61,0.15
27370,0.20833333333333331,0.7816666666666667,0.01
27371,0.93,0.0,0.07
27372,0.0,0.0,1.0
27373,0.06333333333333332,0.74,0.19666666666666668
27374,0.20833333333333331,0.22166666666666668,0.57
27375,0.03,0.0375,0.9325
27376,0.32333333333333336,0.26,0.41666666666666663
27377,0.11,0.325,0.565
27378,0.34600000000000003,0.63,0.024
27379,0.01,0.02,0.97
27380,0.44750000000000006,0.5425,0.01
27381,0.0,0.43933333333333346,0.5606666666666666
27382,0.08666666666666666,0.2733333333333334,0.64
27383,0.01,0.07,0.92
27384,0.055,0.7,0.245
27385,0.8766666666666666,0.04,0.08333333333333331
27386,0.17,0.32,0.51
27387,0.2,0.265,0.535
27388,0.0,0.04,0.96
27389,0.08,0.25666666666666665,0.6633333333333334
27390,0.63,0.26,0.11
27391,0.13,0.01,0.86
27392,0.01,0.0,0.99
27393,0.10166666666666668,0.235,0.6633333333333334
27394,0.10333333333333333,0.30749999999999994,0.5891666666666667
27395,0.01,0.02,0.97
27396,0.04,0.03333333333333333,0.9266666666666665
27397,0.01,0.98,0.01
27398,0.105,0.16,0.735
27399,0.0,0.75,0.25
27400,0.0,0.28,0.72
27401,0.15666666666666665,0.003333333333333333,0.84
27402,0.0,0.8325,0.1675
27403,0.19,0.165,0.645
27404,0.14,0.86,0.0
27405,0.365,0.21166666666666667,0.4233333333333333
27406,0.09,0.28,0.63
27407,0.04666666666666666,0.28,0.6733333333333335
27408,0.04,0.05,0.91
27409,0.05233333333333332,0.5271666666666666,0.4205
27410,0.0,0.0,1.0
27411,0.01,0.01,0.98
27412,0.1,0.56,0.34
27413,0.5,0.08,0.42
27414,0.01,0.95,0.04
27415,0.95,0.01,0.04
27416,0.08,0.13166666666666665,0.7883333333333333
27417,0.13,0.26,0.61
27418,0.02,0.9,0.08
27419,0.0,1.0,0.0
27420,0.08766666666666666,0.1666190476190476,0.7457142857142857
27421,0.0,0.01,0.99
27422,0.02,0.03,0.95
27423,0.0774047619047619,0.45,0.47259523809523807
27424,0.88,0.0,0.12
27425,0.7225,0.04,0.2375
27426,0.08,0.18,0.74
27427,0.04,0.96,0.0
27428,0.01,0.10983333333333334,0.8801666666666667
27429,0.05,0.22833333333333333,0.7216666666666667
27430,0.10172619047619046,0.0,0.8982738095238096
27431,0.6096666666666667,0.050666666666666665,0.3396666666666667
27432,0.13666666666666666,0.29,0.5733333333333334
27433,0.07333333333333333,0.55,0.37666666666666665
27434,0.1,0.1,0.8
27435,0.0,0.13,0.87
27436,0.16166666666666665,0.21783333333333335,0.6204999999999999
27437,0.025,0.05,0.925
27438,0.02,0.03,0.95
27439,0.0,0.0,1.0
27440,0.22666666666666668,0.21,0.5633333333333334
27441,0.33,0.02,0.65
27442,0.03,0.11,0.86
27443,0.08,0.15,0.77
27444,0.28,0.05,0.67
27445,0.02,0.63,0.35
27446,0.19333333333333336,0.08,0.7266666666666666
27447,0.04,0.3255714285714286,0.6344285714285716
27448,0.085,0.1325,0.7825
27449,0.01,0.04,0.95
27450,0.08,0.85,0.07
27451,0.02,0.0,0.98
27452,0.02,0.02,0.96
27453,0.065,0.2733333333333333,0.6616666666666666
27454,0.10833333333333332,0.21,0.6816666666666665
27455,0.05333333333333333,0.02,0.9266666666666665
27456,0.01,0.52,0.47
27457,0.04,0.15,0.81
27458,0.07,0.12,0.81
27459,0.36,0.3,0.34
27460,0.19,0.175,0.635
27461,0.07,0.05,0.88
27462,0.04,0.1,0.86
27463,0.59,0.03,0.38
27464,0.13,0.23,0.64
27465,0.26,0.09,0.65
27466,0.07333333333333333,0.47,0.4566666666666667
27467,0.0,0.03,0.97
27468,0.0,0.02,0.98
27469,0.04,0.12,0.84
27470,0.05,0.02,0.93
27471,0.01,0.05,0.94
27472,0.01,0.02,0.97
27473,0.02,0.01,0.97
27474,0.33,0.1,0.57
27475,0.065,0.485,0.45
27476,0.06666666666666667,0.66,0.2733333333333333
27477,0.18,0.27254761904761904,0.5474523809523809
27478,0.01,0.01,0.98
27479,0.78,0.03,0.19
27480,0.29,0.2515,0.4585
27481,0.01,0.56,0.43
27482,0.04,0.04,0.92
27483,0.02,0.398,0.582
27484,0.01,0.4667380952380952,0.5232619047619048
27485,0.13,0.22833333333333336,0.6416666666666667
27486,0.0,0.81,0.19
27487,0.2633333333333333,0.0,0.7366666666666667
27488,0.22,0.17,0.61
27489,0.01,0.03,0.96
27490,0.05,0.06333333333333332,0.8866666666666667
27491,0.15,0.63,0.22
27492,0.08,0.11,0.81
27493,0.0,0.01,0.99
27494,0.04,0.06,0.9
27495,0.0,0.27449999999999997,0.7254999999999999
27496,0.01,0.915,0.075
27497,0.0,0.6,0.4
27498,0.89,0.055,0.055
27499,0.135,0.22666666666666668,0.6383333333333333
27500,0.01,0.01,0.98
27501,0.01,0.06733333333333333,0.9226666666666665
27502,0.02,0.94,0.04
27503,0.01,0.03,0.96
27504,0.0,0.83,0.17
27505,0.36,0.0,0.64
27506,0.4465,0.02,0.5335
27507,0.0825,0.06,0.8575
27508,0.04,0.07,0.89
27509,0.0,0.0,1.0
27510,0.56,0.15,0.29
27511,0.02,0.01,0.97
27512,0.01,0.0,0.99
27513,0.29166666666666663,0.6683333333333333,0.04
27514,0.13,0.07,0.8
27515,0.015,0.05,0.935
27516,0.02,0.2783333333333334,0.7016666666666665
27517,0.21,0.02,0.77
27518,0.085,0.045,0.87
27519,0.1,0.16,0.7399999999999999
27520,0.06,0.29285714285714287,0.6471428571428572
27521,0.084,0.846,0.07
27522,0.17,0.75,0.08
27523,0.11666666666666665,0.7766666666666666,0.10666666666666666
27524,0.06,0.25,0.69
27525,0.125,0.21,0.665
27526,0.02,0.105,0.875
27527,0.44519047619047614,0.02,0.5348095238095238
27528,0.1,0.13083333333333333,0.7691666666666666
27529,0.2,0.17,0.63
27530,0.01,0.585,0.405
27531,0.06,0.1,0.84
27532,0.002,0.03,0.968
27533,0.18,0.21,0.61
27534,0.07,0.705,0.225
27535,0.68,0.23,0.09
27536,0.065,0.03,0.905
27537,0.12066666666666669,0.24833333333333332,0.631
27538,0.01,0.34,0.65
27539,0.31333333333333335,0.5466666666666667,0.14
27540,0.04,0.015,0.945
27541,0.6,0.37,0.03
27542,0.03,0.635,0.335
27543,0.3495555555555555,0.0,0.6504444444444443
27544,0.0,0.0,1.0
27545,0.05,0.07,0.88
27546,0.32,0.18,0.5
27547,0.39,0.51,0.1
27548,0.11366666666666667,0.34,0.5463333333333333
27549,0.07,0.094,0.836
27550,0.0,0.025,0.975
27551,0.03,0.17,0.8
27552,0.0,0.005,0.995
27553,0.03,0.257,0.713
27554,0.04,0.9540000000000001,0.006
27555,0.01,0.04,0.95
27556,0.0,0.37,0.63
27557,0.02,0.0,0.98
27558,0.03,0.07,0.9
27559,0.15,0.37166666666666665,0.4783333333333333
27560,0.04,0.07,0.89
27561,0.04,0.04,0.92
27562,0.07,0.515,0.415
27563,0.0,0.3544761904761905,0.6455238095238093
27564,0.04,0.06,0.9
27565,0.01,0.03,0.96
27566,0.01,0.0,0.9900000000000001
27567,0.2375,0.07,0.6925
27568,0.02,0.64,0.34
27569,0.11,0.21,0.68
27570,0.06,0.09,0.85
27571,0.59,0.4,0.01
27572,0.125,0.065,0.81
27573,0.665,0.09,0.245
27574,0.08,0.19,0.73
27575,0.01,0.05,0.94
27576,0.0,0.85,0.15
27577,0.0016666666666666666,0.276,0.7223333333333332
27578,0.08,0.01,0.91
27579,0.02,0.48,0.5
27580,0.0,0.25,0.75
27581,0.6175,0.08416666666666668,0.29833333333333334
27582,0.28,0.17,0.55
27583,0.33,0.04333333333333333,0.6266666666666667
27584,0.015,0.13,0.855
27585,0.015,0.015,0.97
27586,0.08,0.02,0.9
27587,0.01,0.78,0.21
27588,0.01,0.95,0.04
27589,0.06,0.14,0.8
27590,0.05833333333333333,0.444,0.49766666666666665
27591,0.12,0.03,0.85
27592,0.02,0.02,0.96
27593,0.06,0.08,0.86
27594,0.02,0.69,0.29
27595,0.19,0.3133333333333333,0.49666666666666665
27596,0.06,0.01,0.93
27597,0.0,0.1,0.9
27598,0.05,0.1,0.85
27599,0.08666666666666666,0.40483333333333327,0.5085000000000001
27600,0.684,0.06,0.256
27601,0.78,0.066,0.154
27602,0.11333333333333334,0.29333333333333333,0.5933333333333334
27603,0.61,0.265,0.125
27604,0.1,0.0,0.9
27605,0.3766666666666667,0.41333333333333344,0.21
27606,0.11,0.02,0.87
27607,0.61,0.02,0.37
27608,0.06,0.01,0.93
27609,0.11666666666666665,0.2,0.6833333333333335
27610,0.02,0.76,0.22
27611,0.09,0.84,0.07
27612,0.03,0.61,0.36
27613,0.24,0.16166666666666665,0.5983333333333333
27614,0.96,0.0,0.04
27615,0.01,0.07,0.92
27616,0.9,0.1,0.0
27617,0.03,0.89,0.08
27618,0.026666666666666665,0.02,0.9533333333333333
27619,0.0,0.06,0.94
27620,0.16,0.31,0.53
27621,0.03,0.73,0.24
27622,0.03,0.92,0.05
27623,0.34,0.16833333333333333,0.49166666666666664
27624,0.07,0.1,0.83
27625,0.045,0.12,0.835
27626,0.7010000000000001,0.05,0.249
27627,0.01,0.6066666666666667,0.3833333333333333
27628,0.08,0.86,0.06
27629,0.0,0.0,1.0
27630,0.03,0.01,0.96
27631,0.75,0.0,0.25
27632,0.045,0.03,0.925
27633,0.07,0.62,0.31
27634,0.7839999999999999,0.02,0.19599999999999998
27635,0.115,0.11,0.775
27636,0.14,0.21416666666666667,0.6458333333333335
27637,0.03,0.2676666666666667,0.7023333333333334
27638,0.11699999999999999,0.17283333333333334,0.7101666666666665
27639,0.9,0.01,0.09
27640,0.15,0.10400000000000001,0.746
27641,0.06,0.65,0.29
27642,0.013333333333333332,0.02,0.9666666666666666
27643,0.1,0.34,0.56
27644,0.02,0.25,0.73
27645,0.07,0.83,0.1
27646,0.06,0.41,0.53
27647,0.44983333333333325,0.03,0.5201666666666667
27648,0.023333333333333334,0.12833333333333333,0.8483333333333334
27649,0.02,0.02,0.96
27650,0.03428571428571428,0.74,0.22571428571428573
27651,0.07833333333333334,0.08666666666666668,0.835
27652,0.8098333333333332,0.006666666666666666,0.18350000000000002
27653,0.01,0.02,0.97
27654,0.0,0.03,0.97
27655,0.11,0.03,0.86
27656,0.06,0.4335000000000001,0.5065
27657,0.06,0.69,0.25
27658,0.03,0.29,0.68
27659,0.0,0.01,0.99
27660,0.36,0.2,0.44
27661,0.01,0.0,0.99
27662,0.0,0.32,0.68
27663,0.23,0.3,0.47
27664,0.12,0.20199999999999999,0.6779999999999999
27665,0.6316666666666666,0.11,0.25833333333333336
27666,0.04333333333333333,0.6666666666666665,0.29
27667,0.01,0.01,0.98
27668,0.18,0.045,0.775
27669,0.03,0.12,0.85
27670,0.11,0.11083333333333333,0.7791666666666666
27671,0.37,0.13583333333333333,0.49416666666666664
27672,0.4948333333333333,0.04,0.4651666666666667
27673,0.02,0.06,0.92
27674,0.0,0.0,1.0
27675,0.03,0.47,0.5
27676,0.0,1.0,0.0
27677,0.01,0.01,0.98
27678,0.0,0.01,0.99
27679,0.06,0.675,0.265
27680,0.27,0.63,0.1
27681,0.01,0.35,0.64
27682,0.19,0.1,0.71
27683,0.02,0.93,0.05
27684,0.76,0.02,0.22
27685,0.11333333333333333,0.22,0.6666666666666667
27686,0.04,0.2,0.76
27687,0.035,0.605,0.36
27688,0.07471428571428572,0.3445,0.5807857142857142
27689,0.0,0.82,0.18
27690,0.10666666666666666,0.03,0.8633333333333333
27691,0.02,0.01,0.97
27692,0.233,0.14866666666666667,0.6183333333333334
27693,0.06,0.08,0.86
27694,0.0,0.06,0.94
27695,0.2375,0.16,0.6025
27696,0.05,0.31,0.64
27697,0.02,0.06,0.92
27698,0.27,0.25,0.48
27699,0.03,0.87,0.1
27700,0.53,0.39,0.08
27701,0.07,0.79,0.14
27702,0.0,0.08,0.92
27703,0.6,0.14866666666666667,0.25133333333333335
27704,0.01,0.24,0.75
27705,0.02,0.04007142857142857,0.9399285714285714
27706,0.01,0.03,0.96
27707,0.05,0.11,0.84
27708,0.04,0.05,0.91
27709,0.81,0.01,0.18
27710,0.065,0.15833333333333333,0.7766666666666666
27711,0.04,0.07,0.89
27712,0.08666666666666668,0.02333333333333333,0.89
27713,0.02,0.02,0.96
27714,0.15,0.22333333333333336,0.6266666666666667
27715,0.35,0.16,0.49
27716,0.07,0.0325,0.8975
27717,0.01,0.0,0.99
27718,0.08,0.09,0.83
27719,0.01,0.03,0.96
27720,0.91,0.0,0.09
27721,0.03,0.56,0.41
27722,0.01,0.05,0.94
27723,0.03,0.05,0.92
27724,0.14,0.40983333333333327,0.4501666666666667
27725,0.01,0.0,0.99
27726,0.23,0.03,0.74
27727,0.026666666666666665,0.21,0.7633333333333334
27728,0.0,0.01,0.99
27729,0.4325238095238097,0.01,0.5574761904761905
27730,0.08,0.08,0.84
27731,0.12,0.06,0.82
27732,0.08333333333333331,0.02,0.8966666666666666
27733,0.08,0.09,0.83
27734,0.0675,0.095,0.8375
27735,0.01,0.27,0.72
27736,0.09,0.8,0.11
27737,0.12,0.06,0.82
27738,0.01,0.06,0.93
27739,0.01,0.03,0.96
27740,0.0,0.26,0.74
27741,0.055,0.14166666666666666,0.8033333333333335
27742,0.01,0.98,0.01
27743,0.06333333333333334,0.12166666666666666,0.815
27744,0.03,0.34,0.63
27745,0.0,0.52,0.48
27746,0.49999999999999994,0.14,0.36
27747,0.0,0.015,0.985
27748,0.01,0.01,0.98
27749,0.085,0.086,0.8290000000000001
27750,0.01,0.0,0.99
27751,0.0,0.01,0.99
27752,0.035,0.02,0.945
27753,0.01,0.95,0.04
27754,0.2733333333333333,0.326,0.4006666666666666
27755,0.12,0.39,0.49
27756,0.055,0.145,0.8
27757,0.33,0.57,0.1
27758,0.04083333333333333,0.9291666666666667,0.03
27759,0.71,0.19,0.1
27760,0.04,0.07,0.89
27761,0.0,0.83,0.17
27762,0.09,0.35669047619047617,0.5533095238095238
27763,0.395,0.16666666666666663,0.4383333333333333
27764,0.0,0.03,0.97
27765,0.05,0.07,0.88
27766,0.06,0.16666666666666663,0.7733333333333333
27767,0.06,0.69,0.25
27768,0.0,0.21,0.79
27769,0.05,0.3466666666666666,0.6033333333333333
27770,0.16,0.25,0.59
27771,0.36,0.095,0.545
27772,0.04,0.36,0.6
27773,0.02,0.83,0.15
27774,0.13,0.297,0.573
27775,0.26633333333333337,0.5986666666666667,0.135
27776,0.01,0.03,0.96
27777,0.025,0.7636666666666667,0.21133333333333332
27778,0.32266666666666666,0.6373333333333333,0.04
27779,0.0625,0.21333333333333332,0.7241666666666666
27780,0.74,0.19,0.07
27781,0.16,0.16,0.68
27782,0.48,0.0575,0.4625
27783,0.05,0.65,0.3
27784,0.06,0.1,0.84
27785,0.05,0.09,0.86
27786,0.81,0.1,0.09
27787,0.02,0.02333333333333333,0.9566666666666666
27788,0.05,0.93,0.02
27789,0.03166666666666666,0.06333333333333332,0.905
27790,0.07,0.045,0.885
27791,0.04,0.055,0.905
27792,0.6748333333333334,0.05,0.27516666666666667
27793,0.01,0.01,0.98
27794,0.0,0.025,0.975
27795,0.18600000000000003,0.27899999999999997,0.535
27796,0.01,0.01,0.98
27797,0.92,0.01,0.07
27798,0.035,0.005,0.96
27799,0.35,0.62,0.03
27800,0.0,0.0,1.0
27801,0.255,0.14400000000000002,0.601
27802,0.02,0.07,0.91
27803,0.40483333333333327,0.06,0.5351666666666667
27804,0.015,0.04,0.945
27805,0.2425,0.7575,0.0
27806,0.05,0.1,0.85
27807,0.06,0.69,0.25
27808,0.14,0.1716666666666667,0.6883333333333332
27809,0.02,0.15,0.83
27810,0.05,0.07,0.88
27811,0.02,0.03,0.95
27812,0.3433333333333334,0.5066666666666667,0.15
27813,0.22,0.13,0.65
27814,0.0,0.98,0.02
27815,0.0,1.0,0.0
27816,0.66,0.07,0.27
27817,0.4393333333333333,0.5006666666666667,0.06
27818,0.17366666666666664,0.0,0.8263333333333334
27819,0.1725,0.1905,0.637
27820,0.2,0.19149999999999998,0.6085
27821,0.01,0.0,0.99
27822,0.04,0.21616666666666665,0.7438333333333333
27823,0.025,0.095,0.88
27824,0.66,0.02,0.32
27825,0.0,0.01,0.99
