index,0,1,2
26457,0.09872347316676514,0.2471845134375529,0.6540920133956818
26458,0.14553472352376873,0.2868897804130087,0.5675754960632226
26459,0.09320236611850592,0.19010373394303887,0.7166938999384552
26460,0.13232927618065865,0.1657619619818645,0.7019087618374771
26461,0.08810236362331636,0.2682626031086947,0.6436350332679887
26462,0.0467046911049664,0.1435375330643348,0.809757775830699
26463,0.37380417804914434,0.09324757144680644,0.5329482505040491
26464,0.14512514482693206,0.2263231851450298,0.628551670028038
26465,0.0601336052804165,0.1521950301126979,0.7876713646068855
26466,0.052084195208627594,0.41063170556442985,0.5372840992269425
26467,0.2329713990277875,0.24914845890737464,0.5178801420648378
26468,0.08276151897137143,0.15063834990491107,0.7666001311237176
26469,0.31994297656926207,0.20353165589176206,0.476525367538976
26470,0.11940023572999003,0.26033926675592584,0.6202604975140841
26471,0.10005389259400063,0.1894235591924872,0.7105225482135121
26472,0.13915213268743615,0.3695171283651477,0.49133073894741597
26473,0.10238286522735242,0.21581464433219774,0.6818024904404498
26474,0.211170982059519,0.2557798514439146,0.5330491664965664
26475,0.2493495228678626,0.19064695323911254,0.5600035238930247
26476,0.08234178496073521,0.22951214509811077,0.6881460699411541
26477,0.11948478049491489,0.2353399453525395,0.6451752741525456
26478,0.07997524994242,0.13690283270432915,0.7831219173532508
26479,0.09482690866305948,0.1374937003404367,0.7676793909965035
26480,0.07125315007245922,0.17630394420736784,0.7524429057201728
26481,0.10606059897840804,0.39086035532317104,0.503079045698421
26482,0.07387261463065672,0.1783333830351953,0.7477940023341477
26483,0.059849084590076373,0.1853308812408704,0.754820034169053
26484,0.14423779879888035,0.2575020959280075,0.5982601052731122
26485,0.0765490949081078,0.1601555704095791,0.7632953346823135
26486,0.12418418849144112,0.2090213103411451,0.6667945011674135
26487,0.09356947203327312,0.15473655983595352,0.7516939681307733
26488,0.26292842345089873,0.17835016547410099,0.5587214110750003
26489,0.11765516310369575,0.31045275794998717,0.5718920789463171
26490,0.12431072423461462,0.24928424114292153,0.6264050346224638
26491,0.0756448699453534,0.3043714880812127,0.6199836419734338
26492,0.09208322389633461,0.34604489494500223,0.5618718811586629
26493,0.254576881140447,0.4047348945414374,0.3406882243181157
26494,0.14235063494794586,0.1896084324854332,0.668040932566621
26495,0.06627198325782443,0.13569668006340413,0.7980313366787715
26496,0.19942710890234902,0.21324931039258746,0.5873235807050637
26497,0.04927614622016348,0.7431757989935135,0.20754805478632318
26498,0.21724455250013505,0.42792895193386926,0.3548264955659954
26499,0.07960713974401057,0.19522590614514218,0.7251669541108473
26500,0.08244956103104753,0.5089682172812012,0.4085822216877512
26501,0.13368856125231748,0.23904642242809085,0.6272650163195915
26502,0.17158264874377255,0.1441996845610354,0.6842176666951917
26503,0.1674876812118813,0.32811852635137256,0.5043937924367462
26504,0.0976515903221107,0.2785901404907209,0.6237582691871681
26505,0.12961831390313042,0.1696651446975269,0.7007165413993431
26506,0.0877513978100396,0.33161770128525775,0.5806309009047026
26507,0.08364588407046071,0.2935861161617037,0.6227679997678358
26508,0.14561940959043496,0.254606882599213,0.5997737078103516
26509,0.14841503058373917,0.16208186453327855,0.6895031048829824
26510,0.09655162082704935,0.2867138512512304,0.6167345279217199
26511,0.09767870368368485,0.17903732678041578,0.7232839695358995
26512,0.10375204696549549,0.3969048257244022,0.499343127310102
26513,0.1283548269691864,0.2876132017121953,0.5840319713186184
26514,0.10769083223246531,0.19049551403374565,0.7018136537337893
26515,0.36563663333530194,0.07692314047835108,0.5574402261863471
26516,0.11765516310369575,0.31045275794998717,0.5718920789463171
26517,0.1658094910732174,0.2555605115904455,0.5786299973363369
26518,0.10339971286185642,0.2502312213426956,0.646369065795448
26519,0.16897726834772875,0.2261840525060892,0.6048386791461818
26520,0.03269932899391082,0.7412233382443955,0.22607733276169328
26521,0.06522848366321918,0.35104325224345323,0.5837282640933275
26522,0.057693629949539416,0.14660640301957448,0.7956999670308861
26523,0.0965780510274266,0.29755183979401756,0.6058701091785558
26524,0.13952554052520177,0.44444033099838115,0.416034128476417
26525,0.1236230447120452,0.2174910912139483,0.6588858640740064
26526,0.08242410342589367,0.15769813847105277,0.7598777581030538
26527,0.1620070688531128,0.32747328220698724,0.5105196489398999
26528,0.08963192653936644,0.43940376530275044,0.47096430815788287
26529,0.061199882106767384,0.17489606306370484,0.7639040548295277
26530,0.10236452106473765,0.2271180543265196,0.6705174246087428
26531,0.07002191770440803,0.0918280158563369,0.838150066439255
26532,0.10564926578426037,0.1902352290803022,0.7041155051354374
26533,0.09501414213616373,0.20173730596410538,0.7032485518997307
26534,0.06877927745087786,0.16232419630997907,0.7688965262391431
26535,0.06034813761286691,0.19761958827601048,0.7420322741111225
26536,0.13744264966186287,0.1853535052889119,0.6772038450492249
26537,0.09630290539786154,0.19127045491509964,0.7124266396870383
26538,0.08755244782136087,0.32695787115089764,0.5854896810277413
26539,0.09378587498636687,0.23864586209637617,0.667568262917257
26540,0.18930467801081627,0.32194808082565524,0.4887472411635286
26541,0.08284895177656056,0.14106278075112133,0.7760882674723184
26542,0.10474964659351045,0.22831364226182382,0.6669367111446657
26543,0.11697534722827412,0.10528534857893612,0.7777393041927898
26544,0.13118986544491626,0.14306591792084347,0.72574421663424
26545,0.13472486972915157,0.38058660111750764,0.48468852915334104
26546,0.08058873334649583,0.2943618504097494,0.6250494162437548
26547,0.0582746066509999,0.11061744835676167,0.8311079449922384
26548,0.10106064155022447,0.19066069127564467,0.7082786671741307
26549,0.06764015736808761,0.32865838992859764,0.6037014527033147
26550,0.08329798454876138,0.19781915511902665,0.7188828603322114
26551,0.04723058614360432,0.20576803721781206,0.7470013766385832
26552,0.06188904806993333,0.3105290061004293,0.6275819458296373
26553,0.12986691302051226,0.18560013431890662,0.6845329526605809
26554,0.07096736030844177,0.2275958183102031,0.7014368213813552
26555,0.10958800900946299,0.1817698576671379,0.7086421333233993
26556,0.030501604913934454,0.4798804557400746,0.48961793934599124
26557,0.09603905239161598,0.13363651839297544,0.7703244292154084
26558,0.3760787208097397,0.16209981765275305,0.4618214615375069
26559,0.2329843895622568,0.13193032484981443,0.6350852855879286
26560,0.13921864661449346,0.2992870547513899,0.5614942986341166
26561,0.13312575060047177,0.33137661998911894,0.535497629410409
26562,0.158388635867353,0.17344929213676732,0.6681620719958797
26563,0.11768683101564478,0.12997498325455983,0.7523381857297955
26564,0.06192495956566182,0.08130810558390306,0.856766934850435
26565,0.05029833126662362,0.5683710741530458,0.38133059458033075
26566,0.1751777584363123,0.24774602049187164,0.5770762210718162
26567,0.07714977840569438,0.15157153524015685,0.7712786863541489
26568,0.07843369467875823,0.1855176307216121,0.7360486745996296
26569,0.060420423792219166,0.13002553327248217,0.8095540429352985
26570,0.15055349466868712,0.3205901365719706,0.5288563687593423
26571,0.09837411377786408,0.12573504318748246,0.7758908430346534
26572,0.06314851465232468,0.18641013977686818,0.7504413455708071
26573,0.10928100506064208,0.2102152919067931,0.6805037030325647
26574,0.14394125663248702,0.10296209011377037,0.7530966532537424
26575,0.11680911867182114,0.18189460915745806,0.7012962721707205
26576,0.11278038865736578,0.09629910453772388,0.7909205068049103
26577,0.11018999064138985,0.22524610801607678,0.6645639013425333
26578,0.2629425101988756,0.1860963077124665,0.5509611820886576
26579,0.13138840232597004,0.2759082484762866,0.5927033491977433
26580,0.09227162901508161,0.14799396019819816,0.7597344107867201
26581,0.07370591048648704,0.14146288117701122,0.7848312083365014
26582,0.051679347364198956,0.12340678122192093,0.8249138714138802
26583,0.12069319258544389,0.11361664679632748,0.7656901606182284
26584,0.08651957474188307,0.2543759259982602,0.6591044992598569
26585,0.10049139376994763,0.36176031180567714,0.5377482944243753
26586,0.32067412316036836,0.2911317239073039,0.3881941529323277
26587,0.26397010548928973,0.30186341819031304,0.43416647632039707
26588,0.09645797788081438,0.09428186477421491,0.8092601573449706
26589,0.0871891000055264,0.19514807750314053,0.7176628224913327
26590,0.16878603308047194,0.46833227657056936,0.36288169034895856
26591,0.08680729743183656,0.16000440860379483,0.7531882939643688
26592,0.11519696536559879,0.1797201323259075,0.7050829023084936
26593,0.1802275267508221,0.31235454514804867,0.5074179281011291
26594,0.2532774492469074,0.24533924117894013,0.5013833095741526
26595,0.047056436792087625,0.13925434110727808,0.8136892221006342
26596,0.07122108395920387,0.18825023406903402,0.7405286819717621
26597,0.13821700372651666,0.3690714413591948,0.4927115549142882
26598,0.13258914301198027,0.1734727297173162,0.6939381272707033
26599,0.10977119038585054,0.21221265669416844,0.6780161529199807
26600,0.0769540921047951,0.11912574348863353,0.8039201644065713
26601,0.07524370793490333,0.23969625531277383,0.685060036752323
26602,0.11843854554373431,0.2837955113853851,0.5977659430708805
26603,0.1957493167450559,0.21054046776266894,0.5937102154922751
26604,0.1197286138226766,0.2780150571184132,0.6022563290589102
26605,0.08435378456204505,0.17805242945865637,0.7375937859792984
26606,0.17776148324988214,0.2544109275020397,0.5678275892480779
26607,0.08349896133552041,0.23466632454348313,0.6818347141209965
26608,0.0866181218007826,0.2495290371735448,0.6638528410256722
26609,0.07539916727344977,0.13619571442212097,0.7884051183044289
26610,0.1943515230932661,0.1533501878177548,0.6522982890889789
26611,0.153220940019946,0.2475287882521482,0.5992502717279059
26612,0.09341169277723671,0.42082400160200156,0.4857643056207616
26613,0.11238228504011781,0.20568823328048796,0.6819294816793939
26614,0.17917379649683607,0.12024005893759686,0.7005861445655671
26615,0.08812981714147401,0.20504610470188817,0.7068240781566378
26616,0.08485790495930376,0.09175344951052049,0.8233886455301755
26617,0.16311053970628683,0.16854048039767644,0.6683489798960365
26618,0.14512514482693206,0.2263231851450298,0.628551670028038
26619,0.19375398302701452,0.3168434535528663,0.4894025634201194
26620,0.10432071326824728,0.23878007347947355,0.656899213252279
26621,0.053684180915849096,0.12552966997241177,0.8207861491117385
26622,0.0771466102178269,0.2583241569190571,0.6645292328631158
26623,0.05667364055593411,0.5003474539038791,0.44297890554018676
26624,0.08015118500113522,0.275777053971114,0.6440717610277509
26625,0.29526908892159204,0.2392621369593063,0.4654687741191016
26626,0.2797430670654901,0.183277334260184,0.536979598674326
26627,0.09054342874263838,0.2147424619692842,0.6947141092880773
26628,0.06308428780238476,0.24892065937416968,0.6879950528234455
26629,0.08583370562191087,0.1829495018649363,0.7312167925131525
26630,0.07520181297085418,0.2806251373517752,0.6441730496773702
26631,0.12453288811473241,0.1651424183513171,0.7103246935339506
26632,0.25015232284368905,0.18667551375465227,0.5631721634016585
26633,0.11415235988793863,0.1709212946889906,0.7149263454230704
26634,0.08445850469847759,0.10852050496586531,0.807020990335657
26635,0.12712320680524117,0.3578347490161745,0.5150420441785845
26636,0.0853339665613095,0.3871356119139117,0.5275304215247789
26637,0.02831818016636902,0.07822511905500401,0.8934567007786269
26638,0.10348854560216546,0.5976636612171192,0.29884779318071514
26639,0.15913376530741966,0.35462076152339456,0.4862454731691858
26640,0.3069648906753779,0.2525019004604419,0.4405332088641799
26641,0.25673403885791896,0.5060714997148011,0.23719446142727982
26642,0.0656128250169749,0.19020353606416865,0.7441836389188565
26643,0.15213511288466516,0.2133653864286479,0.6344995006866866
26644,0.05752789634755765,0.19794649450159743,0.7445256091508443
26645,0.07096736030844177,0.2275958183102031,0.7014368213813552
26646,0.5118815981385058,0.16852515633966803,0.3195932455218261
26647,0.15077334710347215,0.2169622862146002,0.632264366681928
26648,0.15461932629494243,0.42335430296980986,0.42202637073524785
26649,0.0485640909163903,0.18866958286268978,0.76276632622092
26650,0.16760114090781286,0.19569433148536725,0.6367045276068195
26651,0.0379850524996178,0.14366988576030798,0.818345061740074
26652,0.14938273717594824,0.1016897048081909,0.7489275580158605
26653,0.30981275565906835,0.170842491631209,0.5193447527097225
26654,0.12821192453767585,0.3854610863669366,0.48632698909538746
26655,0.08234677221777238,0.5050774140299449,0.4125758137522824
26656,0.17597858382597978,0.17135539464523816,0.6526660215287818
26657,0.18612597119913638,0.26303375274433877,0.550840276056525
26658,0.08319833130131124,0.21090254754890417,0.705899121149785
26659,0.15646061705889833,0.27048832594554245,0.573051056995559
26660,0.08169605788373674,0.328184897435751,0.590119044680512
26661,0.2766841664414177,0.2859603091664839,0.43735552439209824
26662,0.07404295754211097,0.3435883743002344,0.5823686681576544
26663,0.07961837411323386,0.17676143884743173,0.7436201870393339
26664,0.1552797497640089,0.10926806097293512,0.7354521892630559
26665,0.19387342749723666,0.20553460377548535,0.6005919687272776
26666,0.11387215911183794,0.2958802753976561,0.5902475654905059
26667,0.08195528318860017,0.14779722010038962,0.7702474967110102
26668,0.08836531084109814,0.2811689134030196,0.6304657757558821
26669,0.1352120087448964,0.2920319618249315,0.5727560294301718
26670,0.1291826630551202,0.17396317212604906,0.6968541648188308
26671,0.097243291905971,0.23550348202877255,0.6672532260652564
26672,0.1020909758250029,0.18321933752159036,0.7146896866534065
26673,0.2601401199933593,0.18754151941386416,0.5523183605927763
26674,0.30090328699656455,0.12451662737697582,0.5745800856264597
26675,0.08051998920064747,0.2025712562345345,0.7169087545648177
26676,0.05293724006742773,0.20056791720641853,0.7464948427261539
26677,0.07242255689042057,0.08023375434186075,0.8473436887677187
26678,0.1405263565275431,0.23725970306999689,0.6222139404024596
26679,0.14552906339159055,0.19858981037751045,0.6558811262308984
26680,0.06670367807916312,0.2611729528180383,0.6721233691027981
26681,0.07946749302224773,0.1598782580103895,0.7606542489673628
26682,0.09386057495522986,0.13865994134082021,0.7674794837039499
26683,0.030501604913934454,0.4798804557400746,0.48961793934599124
26684,0.0623136536282591,0.16469336171793944,0.7729929846538012
26685,0.09194933209707781,0.23276771710711677,0.6752829507958056
26686,0.09528245375333975,0.1967061329893262,0.7080114132573344
26687,0.12708058935264607,0.22303166527203952,0.6498877453753145
26688,0.1944958975957932,0.4578951695851567,0.34760893281905003
26689,0.09117054689641325,0.2137837636963681,0.6950456894072183
26690,0.06343663151113793,0.15685363038496264,0.7797097381038999
26691,0.09948573633817358,0.4328715687309834,0.467642694930843
26692,0.028280313582637953,0.4452726349868479,0.5264470514305142
26693,0.09352815030869564,0.20307227680949402,0.7033995728818102
26694,0.3069648906753779,0.2525019004604419,0.4405332088641799
26695,0.07914033652048982,0.12222425832553498,0.798635405153975
26696,0.10238286522735242,0.21581464433219774,0.6818024904404498
26697,0.07959934655594876,0.16730101991719873,0.7530996335268527
26698,0.1264393922090125,0.13075551921848358,0.7428050885725038
26699,0.13241803194409746,0.3301328090924997,0.5374491589634026
26700,0.08313568382292472,0.19342462460821078,0.7234396915688648
26701,0.126434361684972,0.20733300085985412,0.6662326374551738
26702,0.13000054222748214,0.16771285996721222,0.7022865978053054
26703,0.07434074837969303,0.3803530678477789,0.545306183772528
26704,0.05051125806443388,0.2121828603636141,0.737305881571952
26705,0.08401238961997747,0.16973581783941746,0.7462517925406047
26706,0.10698678470467606,0.15507038975055656,0.737942825544767
26707,0.18081554542372735,0.24334307998935953,0.5758413745869134
26708,0.1046079182362381,0.38668490494925456,0.508707176814507
26709,0.08583370562191087,0.1829495018649363,0.7312167925131525
26710,0.10434966310597035,0.2103332103178601,0.6853171265761695
26711,0.1573413134177673,0.21221936117646853,0.6304393254057641
26712,0.07556747406229308,0.2988142012183582,0.6256183247193488
26713,0.17837701494556904,0.21271556599345356,0.6089074190609773
26714,0.178764597796626,0.2955908919837808,0.5256445102195932
26715,0.1045487691442262,0.2480226399054414,0.6474285909503323
26716,0.14380216934886117,0.46797879938386416,0.3882190312672746
26717,0.07240011231409334,0.28952846331880755,0.6380714243670991
26718,0.07334394428589626,0.1802217639273788,0.7464342917867244
26719,0.08220646496107081,0.42059790197914765,0.49719563305978165
26720,0.07887469478410346,0.23890364373412176,0.6822216614817747
26721,0.07733864167871442,0.2310551036926822,0.6916062546286034
26722,0.1204088088950171,0.18418187966725472,0.6954093114377281
26723,0.1092613218941583,0.2672361426134407,0.6235025354924009
26724,0.07643483732401139,0.42829261254096224,0.4952725501350264
26725,0.05946740063483471,0.4261994967281925,0.5143331026369728
26726,0.18577865899087975,0.23483928309717134,0.5793820579119489
26727,0.07321033894258591,0.12796670365881943,0.7988229573985944
26728,0.08055116157203487,0.21454148142223314,0.7049073570057319
26729,0.15665639366702327,0.0585739573366476,0.7847696489963286
26730,0.03554077614496278,0.6387679835012249,0.32569124035381214
26731,0.09569825381245911,0.15974784409950712,0.7445539020880335
26732,0.12199108023423716,0.21705656508634713,0.6609523546794155
26733,0.08744399095676864,0.11065791998687796,0.8018980890563527
26734,0.09872347316676514,0.2471845134375529,0.6540920133956818
26735,0.07267561244599657,0.19096989552527288,0.7363544920287304
26736,0.15288951680935298,0.16312770834662632,0.6839827748440206
26737,0.09832763210025554,0.3448573131233508,0.5568150547763938
26738,0.05120934222668192,0.12182876113557553,0.8269618966377423
26739,0.17102542863283524,0.1376585276330758,0.691316043734089
26740,0.047445023045927355,0.1886355047221958,0.7639194722318767
26741,0.08715030431337105,0.1617479981836513,0.7511016975029776
26742,0.052367668272410885,0.3545520210610468,0.5930803106665425
26743,0.12952793531155013,0.1609176205171024,0.7095544441713472
26744,0.1363387979602362,0.266805470174743,0.5968557318650205
26745,0.07787637051324134,0.19650151167656166,0.7256221178101971
26746,0.14814284279533152,0.21443853227360823,0.6374186249310602
26747,0.12726106523088007,0.35772007920613674,0.515018855562983
26748,0.19664719628785737,0.34882786584496517,0.4545249378671776
26749,0.09645797788081438,0.09428186477421491,0.8092601573449706
26750,0.05444261459809459,0.21001471341956526,0.7355426719823401
26751,0.09892325490384338,0.2621762887347056,0.6389004563614511
26752,0.047202257223864744,0.46845875864269887,0.48433898413343657
26753,0.09785284751865184,0.16943990508979606,0.732707247391552
26754,0.038520221804324135,0.06606446257091099,0.8954153156247646
26755,0.043363732579797615,0.27245319580887734,0.6841830716113253
26756,0.191311577931366,0.1442375150565704,0.6644509070120636
26757,0.13112012918254354,0.2740680300624537,0.5948118407550027
26758,0.025679577765358876,0.3928519588451033,0.581468463389538
26759,0.08127847708205797,0.2848267595128049,0.633894763405137
26760,0.0980734587583554,0.29639106723503716,0.6055354740066072
26761,0.06313176989261562,0.18042381501666926,0.7564444150907151
26762,0.09740020698372401,0.24706024271854726,0.6555395502977288
26763,0.0832048577875843,0.19530478003526094,0.7214903621771549
26764,0.12283486760656649,0.191273366593581,0.6858917657998523
26765,0.10950800323418454,0.1846259282851149,0.7058660684807003
26766,0.050516111429708334,0.5553353364772803,0.39414855209301125
26767,0.12387419566732323,0.3291361484986616,0.5469896558340153
26768,0.06820935517363698,0.3483774694177345,0.5834131754086284
26769,0.08352655796194325,0.4770868873389141,0.4393865546991427
26770,0.20529294967334277,0.2492696646474818,0.5454373856791755
26771,0.1085757715635437,0.1931019670780517,0.6983222613584045
26772,0.3742780827376982,0.16715950255660264,0.4585624147056989
26773,0.1380647103970018,0.2100420589494104,0.651893230653588
26774,0.081334570352026,0.24621901202300267,0.6724464176249713
26775,0.0893086962547783,0.39914735938452844,0.5115439443606931
26776,0.0956889993355639,0.11844905612436292,0.7858619445400731
26777,0.09422251995262071,0.11866275480312628,0.7871147252442533
26778,0.07972135911911898,0.14503020162140928,0.7752484392594713
26779,0.0756448699453534,0.3043714880812127,0.6199836419734338
26780,0.057507731743891954,0.2382982114941247,0.7041940567619833
26781,0.0937527430345468,0.11879329380932471,0.7874539631561287
26782,0.050151802240351595,0.1481827649983293,0.8016654327613189
26783,0.18197400751108067,0.27526004907516227,0.5427659434137572
26784,0.0803056828949262,0.3745311652084072,0.5451631518966668
26785,0.09645797788081438,0.09428186477421491,0.8092601573449706
26786,0.2861377414422529,0.1219163963508783,0.5919458622068685
26787,0.05597297525716246,0.0529952276071606,0.8910317971356768
26788,0.3195979538667591,0.0852463752837113,0.5951556708495295
26789,0.13604045698874623,0.4497128716441266,0.41424667136712723
26790,0.07383840309195001,0.24443619098924146,0.681725405918808
26791,0.0815631549257101,0.1361589515718855,0.7822778935024043
26792,0.05794761950555288,0.16386915089801155,0.7781832295964357
26793,0.04723058614360432,0.20576803721781206,0.7470013766385832
26794,0.08273760219959429,0.22001019860527837,0.6972521991951269
26795,0.09963207452396192,0.2264580471723495,0.6739098783036888
26796,0.08822035166407308,0.4296114503335528,0.4821681980023741
26797,0.09373490881635588,0.40186940560436446,0.5043956855792797
26798,0.24738398324057725,0.18328842438955026,0.5693275923698724
26799,0.11757869368506109,0.18825504730021161,0.6941662590147275
26800,0.034929782745186835,0.5406473225351003,0.42442289471971284
26801,0.08836531084109814,0.2811689134030196,0.6304657757558821
26802,0.03582300768643913,0.14241333674392576,0.8217636555696349
26803,0.08245983559885094,0.30851694778527294,0.6090232166158761
26804,0.07661189054895724,0.3286688527945351,0.5947192566565076
26805,0.09277006303123445,0.1977468619097678,0.7094830750589974
26806,0.11891419303826863,0.2756967717798582,0.6053890351818729
26807,0.09152540820700977,0.10759037699194718,0.8008842148010435
26808,0.04798075629033256,0.35560018057917697,0.5964190631304906
26809,0.11402698690565317,0.2089822825949944,0.6769907304993523
26810,0.07404295754211097,0.3435883743002344,0.5823686681576544
26811,0.042980736653439135,0.22252090256662455,0.7344983607799362
26812,0.08129306924631192,0.13019527411209997,0.788511656641588
26813,0.08594601853153337,0.2325147440993941,0.6815392373690726
26814,0.16618258563469934,0.16057157669519279,0.6732458376701078
26815,0.09777988152878006,0.238600529650831,0.663619588820389
26816,0.0590103611204656,0.2514618745620321,0.689527764317502
26817,0.11032708580904005,0.10005713315458042,0.7896157810363793
26818,0.08428706570701053,0.19408047828754513,0.7216324560054446
26819,0.10690748429061454,0.26029246512445847,0.6328000505849267
26820,0.07861915343507496,0.1982170352507329,0.7231638113141925
26821,0.10958651938266105,0.40583516661510066,0.4845783140022382
26822,0.12182171447044965,0.22758977009057035,0.6505885154389803
26823,0.09371862106762326,0.1518009510131363,0.7544804279192404
26824,0.1434880608656858,0.11856704392649892,0.7379448952078151
26825,0.06129317337862727,0.166437414033939,0.7722694125874335
26826,0.0925677515995112,0.22545287404387193,0.6819793743566172
26827,0.11757677161204097,0.21713073651707343,0.6652924918708851
26828,0.11345173727021887,0.17563084373787458,0.7109174189919062
26829,0.06199600736505253,0.15561761088019593,0.7823863817547512
26830,0.06838255445510331,0.1913609133082949,0.7402565322366017
26831,0.12202185978922556,0.20024311458694616,0.6777350256238286
26832,0.06331545613837951,0.12189594920258902,0.8147885946590318
26833,0.06940167125427216,0.26608022221651606,0.6645181065292115
26834,0.09639601976468289,0.2263394495828629,0.6772645306524544
26835,0.3638336053153322,0.15660755502103613,0.4795588396636312
26836,0.12015863251257464,0.1514583694414462,0.7283829980459788
26837,0.0626410233224317,0.1170417292452385,0.8203172474323293
26838,0.20140796674874573,0.06742050288040849,0.7311715303708456
26839,0.5963627132851362,0.08846450472380979,0.31517278199105375
26840,0.1360615407152745,0.18740414408393524,0.6765343152007901
26841,0.04504161746770412,0.1448774136990503,0.8100809688332454
26842,0.05415651435022358,0.2946778992295432,0.6511655864202333
26843,0.08202470184260278,0.16053737877647983,0.7574379193809169
26844,0.10181484026494765,0.4748370301645035,0.42334812957054885
26845,0.4186977356849493,0.10140979094622299,0.47989247336882807
26846,0.07096736030844177,0.2275958183102031,0.7014368213813552
26847,0.17510196782027465,0.21710887356096595,0.6077891586187595
26848,0.18913073859564858,0.13886573899671248,0.6720035224076389
26849,0.21889769498839293,0.20923656573345045,0.5718657392781565
26850,0.11798443570823855,0.2986694504341254,0.5833461138576361
26851,0.11373937488485703,0.1937513534816482,0.6925092716334944
26852,0.2550700567654361,0.2995097254812858,0.44542021775327817
26853,0.0887138354316069,0.16093068547989678,0.7503554790884961
26854,0.10521040250205499,0.48346894013692043,0.41132065736102463
26855,0.11725681257246448,0.3202352519634637,0.5625079354640716
26856,0.0689878269050307,0.1628948446168399,0.7681173284781295
26857,0.11563710815711932,0.2982708223088939,0.5860920695339863
26858,0.060962710962244884,0.6499986007731201,0.2890386882646348
26859,0.12751592696016095,0.3251740267014722,0.5473100463383664
26860,0.08576571405527413,0.36128205717032663,0.552952228774399
26861,0.12037627590593634,0.16677646870157964,0.7128472553924838
26862,0.12075769387548346,0.2044199631983898,0.6748223429261268
26863,0.05029239376869217,0.25478172773285424,0.6949258784984537
26864,0.03729955153576332,0.47625337179614746,0.4864470766680891
26865,0.0719020762644573,0.3250313985692742,0.6030665251662684
26866,0.04626594856329687,0.27461754369979513,0.6791165077369079
26867,0.10016328228168823,0.18784419729703195,0.7119925204212797
26868,0.14036581555633054,0.22345060760478447,0.6361835768388845
26869,0.02543923660407036,0.043231718110158274,0.9313290452857714
26870,0.06053053107495052,0.4975440377567913,0.4419254311682582
26871,0.10658553704015854,0.19866789158292075,0.6947465713769206
26872,0.08186983245584986,0.23954422801307815,0.678585939531072
26873,0.10467566164080243,0.27309934662712226,0.6222249917320753
26874,0.08983474409104565,0.30704769629285356,0.6031175596161008
26875,0.04730619782595387,0.07000950787678945,0.8826842942972566
26876,0.09394005097865152,0.3852081332701422,0.5208518157512061
26877,0.09847115717101076,0.2325993680242575,0.6689294748047315
26878,0.12479847776099762,0.2713651294289362,0.6038363928100661
26879,0.0721641057482769,0.24805035211954288,0.67978554213218
26880,0.15902149952079012,0.10064345369507699,0.7403350467841324
26881,0.06308428780238476,0.24892065937416968,0.6879950528234455
26882,0.40655613648765765,0.18813962011666635,0.40530424339567594
26883,0.07901185221742284,0.2544564100771724,0.6665317377054047
26884,0.08330802467351232,0.3205539022333525,0.5961380730931353
26885,0.15074779603890054,0.17130914126588417,0.6779430626952154
26886,0.06498147591508227,0.2281764888322878,0.7068420352526295
26887,0.13474019776148122,0.19811439423589763,0.6671454080026211
26888,0.05016717537229913,0.25212933106830077,0.6977034935593999
26889,0.05260253825063603,0.14048239966113407,0.80691506208823
26890,0.08169605788373674,0.328184897435751,0.590119044680512
26891,0.12216089939943636,0.5013175266535483,0.37652157394701563
26892,0.2190783940995765,0.22313651869951542,0.5577850872009081
26893,0.20563728218706984,0.19179684884375273,0.6025658689691774
26894,0.16602243072004078,0.17154786812624143,0.6624297011537179
26895,0.09298752477247083,0.2286807983384515,0.6783316768890774
26896,0.12379007726109222,0.3417134032281552,0.5344965195107525
26897,0.09667714666522383,0.16382673875759263,0.7394961145771834
26898,0.0911618112994825,0.11675478823137637,0.7920834004691407
26899,0.1409978997172578,0.17928124123488623,0.6797208590478558
26900,0.060395658332852334,0.15400267560684208,0.785601666060305
26901,0.05096977081436577,0.3861030775593474,0.5629271516262868
26902,0.15235467396693608,0.12910164108484595,0.7185436849482177
26903,0.1286507388430089,0.2918129769773132,0.579536284179678
26904,0.2720247349054681,0.14539950318815067,0.5825757619063812
26905,0.07426725151476905,0.21841364388386805,0.7073191046013626
26906,0.07431023441642158,0.16786572356256674,0.7578240420210116
26907,0.09330715884996638,0.19374403337139995,0.7129488077786336
26908,0.1031672332719282,0.4359268842634794,0.46090588246459235
26909,0.09288432006408628,0.34902536248404026,0.5580903174518733
26910,0.10881381205264391,0.28459258008013766,0.6065936078672184
26911,0.10177963621736903,0.23565756888695918,0.6625627948956716
26912,0.0814827009499938,0.15513872838746068,0.7633785706625451
26913,0.35044989559041057,0.20515358624171484,0.4443965181678746
26914,0.08329798454876138,0.19781915511902665,0.7188828603322114
26915,0.0940246481687204,0.2544395870867373,0.6515357647445422
26916,0.048090673279786146,0.40642516138521784,0.5454841653349959
26917,0.05766254583755224,0.18373591170979003,0.7586015424526572
26918,0.1549053091475463,0.24542838505510103,0.5996663057973526
26919,0.6673959508069481,0.1403037310292571,0.1923003181637942
26920,0.08139946409310041,0.3168378610794007,0.6017626748274987
26921,0.04769195540902981,0.5250686445357772,0.4272394000551931
26922,0.07602706267276309,0.3908564129347901,0.5331165243924466
26923,0.08822075894302316,0.1744698425071328,0.7373093985498436
26924,0.17627312769965267,0.26621966221479615,0.5575072100855507
26925,0.070680053710197,0.12867123809501496,0.8006487081947877
26926,0.11325960238460363,0.20884595645615522,0.677894441159241
26927,0.12600241143840132,0.2754665732646493,0.5985310152969494
26928,0.05442147305955944,0.4889397692452605,0.4566387576951803
26929,0.10700476737375858,0.14116736918656,0.7518278634396812
26930,0.07433248384930007,0.5182324159439211,0.4074351002067788
26931,0.0762260812290028,0.3672811684170423,0.5564927503539548
26932,0.07272917895573072,0.3861546991390703,0.5411161219051989
26933,0.268298912114834,0.17684086542154379,0.5548602224636223
26934,0.07583810992555855,0.2769604341534178,0.6472014559210235
26935,0.08926105324302461,0.12711914859043388,0.7836197981665416
26936,0.053083681220936055,0.10024627316818076,0.8466700456108829
26937,0.11145073226454588,0.2102771019782048,0.6782721657572494
26938,0.12299718029832021,0.17950128081818645,0.6975015388834933
26939,0.22638740750835817,0.21373013926627016,0.5598824532253714
26940,0.135210495920053,0.19610378183441807,0.668685722245529
26941,0.13335336393839062,0.2128017855267387,0.6538448505348708
26942,0.1531044764865238,0.4045633951511672,0.44233212836230906
26943,0.07467534613395915,0.3345858921675642,0.5907387616984764
26944,0.10636332334621164,0.16489031090511894,0.728746365748669
26945,0.1717783159237058,0.37054022102982853,0.45768146304646573
26946,0.10693815984342848,0.1983355217764522,0.6947263183801193
26947,0.07310646328026958,0.2659819603840477,0.6609115763356824
26948,0.09956567101297517,0.29226898547116603,0.6081653435158586
26949,0.06203136374933674,0.14841505944392996,0.789553576806733
26950,0.13123972225845199,0.12144717051155088,0.747313107229997
26951,0.31460143762089837,0.3787473774323935,0.30665118494670807
26952,0.09855711062865843,0.2504230710396274,0.6510198183317144
26953,0.2453466249981278,0.08293987310983324,0.6717135018920385
26954,0.039531940194646384,0.21833410934471387,0.7421339504606392
26955,0.08416642539091077,0.5826766763529246,0.3331568982561644
26956,0.18447833103056155,0.2848538973725543,0.5306677715968839
26957,0.23030009400059087,0.1830494772266391,0.5866504287727698
26958,0.2087148881231482,0.28503715263274326,0.5062479592441084
26959,0.061587207256909506,0.16947308981071324,0.768939702932377
26960,0.10467566164080243,0.27309934662712226,0.6222249917320753
26961,0.10702158942260112,0.2511802218857559,0.641798188691643
26962,0.09399339239954867,0.3362986124770828,0.5697079951233683
26963,0.09352815030869564,0.20307227680949402,0.7033995728818102
26964,0.1580871977847256,0.33762610927503134,0.5042866929402432
26965,0.09605144368855917,0.4123438218686457,0.49160473444279473
26966,0.12379007726109222,0.3417134032281552,0.5344965195107525
26967,0.06056218543923851,0.11020685197316815,0.8292309625875929
26968,0.09765815613998008,0.20911489400461458,0.6932269498554053
26969,0.07508409522350226,0.12110033106362911,0.8038155737128687
26970,0.18528727828689928,0.19612612073325553,0.6185866009798454
26971,0.06326697211748554,0.19729003173585025,0.7394429961466639
26972,0.08739760725749146,0.24967422983944193,0.6629281629030663
26973,0.09881637912180606,0.1693562642196335,0.7318273566585601
26974,0.12021428022951244,0.19126202839895662,0.6885236913715314
26975,0.0312911492938093,0.06137465933427166,0.9073341913719187
26976,0.12722682132890153,0.19779528911863264,0.6749778895524661
26977,0.0908461900617496,0.2486411147956304,0.6605126951426198
26978,0.12299718029832021,0.17950128081818645,0.6975015388834933
26979,0.06845813120154862,0.22061341482436694,0.7109284539740844
26980,0.059399742215037785,0.24880412672810462,0.6917961310568576
26981,0.10541851817523788,0.3777054745429536,0.5168760072818083
26982,0.12100719838734472,0.1854072670764093,0.6935855345362459
26983,0.11048056467799208,0.21442074535918837,0.6750986899628192
26984,0.0719020762644573,0.3250313985692742,0.6030665251662684
26985,0.13682044628598267,0.26500573877250017,0.598173814941517
26986,0.04837262167358725,0.15464346816297864,0.7969839101634338
26987,0.1624593202645085,0.23482141291572486,0.6027192668197664
26988,0.20897286446143887,0.25577654020579293,0.535250595332768
26989,0.08954512997183324,0.37268446478726847,0.5377704052408983
26990,0.07869924109205101,0.14601768143089539,0.7752830774770537
26991,0.06512750353737334,0.11330957072511418,0.8215629257375124
26992,0.11212055666003265,0.29496995443346,0.5929094889065071
26993,0.07150554714351788,0.1819794260046725,0.7465150268518095
26994,0.1426268637612801,0.21006784066957385,0.6473052955691458
26995,0.12148176470855163,0.2904141728315647,0.5881040624598838
26996,0.10456146558960455,0.16293074778995614,0.7325077866204391
26997,0.30462894828785336,0.4792322524210607,0.21613879929108568
26998,0.36282090755241037,0.12239513036761646,0.5147839620799731
26999,0.23785583563556892,0.2593682802817183,0.5027758840827127
27000,0.060053060876989146,0.38992541420978116,0.5500215249132296
27001,0.08303423532592744,0.2834070414040769,0.6335587232699957
27002,0.10745970817931566,0.14850878140147547,0.7440315104192088
27003,0.11613419358813873,0.1373655176640678,0.7465002887477933
27004,0.28616591129955,0.17302685155837158,0.5408072371420785
27005,0.08865548137048972,0.3145336894106826,0.5968108292188279
27006,0.04216952213371163,0.05399092970398679,0.9038395481623013
27007,0.13213031577269324,0.30813295961806947,0.5597367246092372
27008,0.11353506805990296,0.24872820660133266,0.6377367253387645
27009,0.11149737288677229,0.2694858425528409,0.6190167845603868
27010,0.08933016017933654,0.23418719524970288,0.6764826445709602
27011,0.2081334274517106,0.4304349723024882,0.36143160024580145
27012,0.11230018359547066,0.14820771287097081,0.7394921035335581
27013,0.2280525338874925,0.17027891021100977,0.6016685559014978
27014,0.17168680204290154,0.335124834644333,0.4931883633127654
27015,0.06744984659656644,0.4617147760759232,0.4708353773275102
27016,0.09219153089712616,0.15405151436125095,0.753756954741623
27017,0.08714717408397664,0.20132313761650564,0.7115296882995179
27018,0.08836686145770517,0.19776035306061124,0.7138727854816831
27019,0.08601374174542141,0.25803174668847856,0.6559545115661
27020,0.037030088245728794,0.3731960087293927,0.5897739030248782
27021,0.08928528716661194,0.5603137153132477,0.3504009975201403
27022,0.09432805388774311,0.17847574827243484,0.7271961978398219
27023,0.17378649006126143,0.23084231274809489,0.5953711971906435
27024,0.1911521702425313,0.400884692113021,0.40796313764444764
27025,0.19926015825197266,0.14736598007293902,0.6533738616750882
27026,0.06144296439804094,0.13167352091304285,0.8068835146889161
27027,0.04330777559084562,0.11428320075913007,0.8424090236500238
27028,0.25015232284368905,0.18667551375465227,0.5631721634016585
27029,0.07271251469756072,0.19822171656591825,0.7290657687365207
27030,0.19686905096137433,0.5110203058005539,0.29211064323807184
27031,0.40245598201368865,0.34429386665482403,0.25325015133148737
27032,0.3163035173548496,0.08084667231230411,0.6028498103328461
27033,0.0941161744378885,0.11746553555929809,0.788418290002813
27034,0.14451843937637474,0.2145763579411385,0.6409052026824866
27035,0.3638336053153322,0.15660755502103613,0.4795588396636312
27036,0.04067690255014869,0.16505600138114332,0.7942670960687075
27037,0.14991248609190494,0.22680253419252927,0.6232849797155656
27038,0.052791747239004774,0.14296641428672818,0.8042418384742672
27039,0.25498269945292196,0.1868822585356421,0.5581350420114362
27040,0.09252633697780001,0.1498589805474447,0.7576146824747554
27041,0.023421578544753182,0.09649740022919528,0.8800810212260511
27042,0.27685824614480564,0.1781971860828178,0.5449445677723764
27043,0.0869227413593949,0.2257274043883651,0.6873498542522402
27044,0.06099272134438753,0.186078390967158,0.752928887688454
27045,0.09814757590356014,0.1586667951048412,0.7431856289915986
27046,0.07619952048869977,0.16564753221741113,0.7581529472938888
27047,0.16068867280401927,0.2709382632986472,0.5683730638973334
27048,0.040766674117294205,0.5123910220289121,0.4468423038537937
27049,0.04390089372042397,0.33269512493540554,0.6234039813441704
27050,0.11492847249892847,0.1440774719090091,0.7409940555920623
27051,0.13158719245728515,0.3944193564168598,0.47399345112585506
27052,0.07042661867508727,0.21979682596363595,0.7097765553612768
27053,0.09007720805415383,0.17971210103035085,0.7302106909154952
27054,0.060387002330879805,0.07865324584682912,0.8609597518222908
27055,0.19205985592929423,0.32019827043040733,0.4877418736402986
27056,0.24262972181355827,0.09892541032364824,0.6584448678627934
27057,0.12395791163055705,0.2688886284704435,0.6071534598989995
27058,0.23109421441636152,0.2764439596515761,0.49246182593206206
27059,0.0432643660998589,0.07337877202534396,0.8833568618747969
27060,0.10091912531801707,0.3248116082619718,0.5742692664200111
27061,0.2249163442690934,0.30948859046166727,0.4655950652692391
27062,0.05819055434519942,0.16376656568505255,0.7780428799697477
27063,0.08135763519117722,0.12439022339134574,0.7942521414174769
27064,0.044409047905256446,0.08626137978832366,0.8693295723064197
27065,0.13145995439179642,0.32260660689761517,0.5459334387105885
27066,0.07242515365078943,0.1211374045610805,0.8064374417881299
27067,0.06314851465232468,0.18641013977686818,0.7504413455708071
27068,0.40655613648765765,0.18813962011666635,0.40530424339567594
27069,0.06348863350496434,0.1325642000749624,0.8039471664200731
27070,0.07310075729753086,0.11737967859836324,0.8095195641041064
27071,0.09437935345587631,0.06659236124613115,0.8390282852979922
27072,0.115347415865104,0.43013472362829697,0.45451786050659926
27073,0.14720214621522779,0.28201615088609594,0.5707817028986762
27074,0.11487224430819866,0.3646311060754874,0.520496649616314
27075,0.2679438346507655,0.3310441350106342,0.4010120303386002
27076,0.1880485245892411,0.22401238574525023,0.5879390896655087
27077,0.07410982312046145,0.23998641771128656,0.6859037591682516
