index,0,1,2
26457,0.07530602008845927,0.2484610140579986,0.6762329658535422
26458,0.12270100462473717,0.32244404423983075,0.5548549511354322
26459,0.05604050261870732,0.10520119957340215,0.8387582978078906
26460,0.1271394246915775,0.12596538772598032,0.7468951875824423
26461,0.09197681813161351,0.20047619307919828,0.707546988789188
26462,0.030080468010553054,0.09383026607732413,0.8760892659121227
26463,0.280348621653961,0.6451228790675398,0.07452849927849928
26464,0.0964109003955154,0.09685845226002232,0.806730647344462
26465,0.060872390348632566,0.10147559605070092,0.8376520136006664
26466,0.031884959306156244,0.3977716661271192,0.5703433745667248
26467,0.1160216810263028,0.12907088356555343,0.7549074354081433
26468,0.061126992285775755,0.04811023421879795,0.8907627734954263
26469,0.5948442086368916,0.10612698412698413,0.2990288072361243
26470,0.1442523153322125,0.1830765738526729,0.6726711108151144
26471,0.02912930729955148,0.11628583743254783,0.8545848552679007
26472,0.13773253666642793,0.2681356023819734,0.5941318609515986
26473,0.09384513337931268,0.09914714289510895,0.8070077237255785
26474,0.26353546952030826,0.6767696252885483,0.059694905191143295
26475,0.44048346842407915,0.08188214954190948,0.47763438203401143
26476,0.04640894896360059,0.07834806087413204,0.8752429901622673
26477,0.19643974464298683,0.23410018076489775,0.5694600745921156
26478,0.06215092130169452,0.09254259043517456,0.8453064882631309
26479,0.04058328616814728,0.07589725114885723,0.8835194626829955
26480,0.05081048876310439,0.07618536970667827,0.8730041415302171
26481,0.052892109169602755,0.44289611220211006,0.5042117786282871
26482,0.06458024757366862,0.13909134140713086,0.7963284110192004
26483,0.01790376686526818,0.18467101126107185,0.7974252218736596
26484,0.19876755580800937,0.24632015932099927,0.5549122848709915
26485,0.06749968478064437,0.04943868887392824,0.8830616263454272
26486,0.09991989200209378,0.21317430371029458,0.6869058042876115
26487,0.07016859338997955,0.17418944956295848,0.7556419570470619
26488,0.07349028801275762,0.8279447231907169,0.09856498879652541
26489,0.05375535975386146,0.2887162345087197,0.6575284057374189
26490,0.11738462581894989,0.23722757210369252,0.6453878020773572
26491,0.048080560942325636,0.050493304843304845,0.9014261342143695
26492,0.06792149526374379,0.3492323792211573,0.5828461255150988
26493,0.5643362911300752,0.4102002959387699,0.025463412931154866
26494,0.07642273250223747,0.10487477946110958,0.8187024880366528
26495,0.03308169773781323,0.07121167929188918,0.8957066229702976
26496,0.21859010975789012,0.15283140908239973,0.6285784811597103
26497,0.03743409913210204,0.799636742424792,0.16292915844310607
26498,0.2974932220637114,0.4985773507153297,0.20392942722095886
26499,0.03459375887601444,0.11444555618838505,0.8509606849356003
26500,0.09034168016991527,0.5160657779780888,0.3935925418519959
26501,0.13301185030590185,0.29700242219875467,0.5699857274953434
26502,0.03669061200237671,0.049090119684237335,0.914219268313386
26503,0.1857022554525086,0.3938671122273266,0.42043063232016487
26504,0.07884864692329535,0.26435425880584007,0.6567970942708647
26505,0.09459628777201662,0.1240827008846182,0.7813210113433651
26506,0.1014862163979811,0.8028556639438993,0.09565811965811966
26507,0.06555337753572381,0.8419001778820002,0.09254644458227576
26508,0.21132939898956252,0.20736888797360367,0.5813017130368338
26509,0.12280285859764951,0.09136700601129226,0.7858301353910582
26510,0.034771974804279286,0.34833120580422094,0.6168968193914997
26511,0.0446890876420782,0.11883941965076943,0.8364714927071525
26512,0.10144513209846365,0.3183619040752727,0.5801929638262636
26513,0.06865367388606824,0.28465406428786705,0.6466922618260643
26514,0.13094197557919526,0.10941069592627213,0.7596473284945325
26515,0.3584544406883601,0.020249761631187465,0.6212957976804524
26516,0.06912602261014217,0.28768126865661175,0.6431927087332461
26517,0.1809010748492324,0.7294257073115006,0.089673217839267
26518,0.07024282331371985,0.14396466117339746,0.7857925155128828
26519,0.20442641139573123,0.2209816208096981,0.5745919677945707
26520,0.028433313252516332,0.8129100299496949,0.1586566567977885
26521,0.05157016766609789,0.31007893274899084,0.6383508995849112
26522,0.07447477024346093,0.14533421032548166,0.7801910194310574
26523,0.05866283041522898,0.2585913868793903,0.6827457827053809
26524,0.09540089266009799,0.3272099673922888,0.5773891399476132
26525,0.17748822168200776,0.12790121131835913,0.6946105669996334
26526,0.04752490466287753,0.14721078475825147,0.805264310578871
26527,0.23839702119965278,0.4128521529442582,0.348750825856089
26528,0.1214272924162279,0.8641828432210816,0.014389864362690448
26529,0.0702909600091696,0.07975668980408859,0.8499523501867418
26530,0.09299187308756204,0.2279006133170931,0.6791075135953447
26531,0.013054020278688213,0.023613837754065458,0.9633321419672463
26532,0.14589963571290762,0.14278123713709678,0.7113191271499956
26533,0.07404236797437322,0.1685085505766645,0.7574490814489624
26534,0.06452343939576956,0.10926023210716801,0.8262163284970622
26535,0.04581860814167218,0.1418124189424803,0.8123689729158475
26536,0.14617366967171336,0.16911256170829503,0.6847137686199918
26537,0.09443713992448051,0.11228474773110114,0.7932781123444183
26538,0.037959857334857336,0.3412650572025571,0.6207750854625855
26539,0.0632472200270692,0.18395671382959097,0.7527960661433396
26540,0.2521514916609794,0.2668852534822265,0.48096325485679414
26541,0.03656931584362573,0.05929487048371322,0.9041358136726615
26542,0.11535682063345445,0.11978981120955709,0.7648533681569883
26543,0.10397653719278434,0.11140614457071923,0.7846173182364967
26544,0.09221809722401825,0.1251173558897243,0.7826645468862573
26545,0.11289888635191044,0.3706917406956698,0.5164093729524202
26546,0.045870415473168544,0.14477685543097793,0.8093527290958535
26547,0.05159944413729339,0.05414603171479046,0.8942545241479162
26548,0.06950062585613204,0.06683221300868358,0.8636671611351845
26549,0.2871725219225219,0.6159848854848855,0.09684259259259259
26550,0.02081836434280985,0.23856657977055426,0.7406150558866355
26551,0.01236764502269558,0.27752165785992505,0.7101106971173792
26552,0.05605691999879986,0.2680216770777115,0.6759214029234885
26553,0.1184773139619687,0.2265089723519567,0.6550137136860744
26554,0.16285153693135856,0.41170235668052013,0.4254461063881215
26555,0.046567140708129076,0.07732566414243912,0.8761071951494317
26556,0.008524940504192812,0.4216777415483262,0.569797317947481
26557,0.07664502164502164,0.05457465229805655,0.8687803260569217
26558,0.48679276574160035,0.0979599443080808,0.41524728995031895
26559,0.3125491323461375,0.051353214677278054,0.6360976529765844
26560,0.14532549815607737,0.2959955227214484,0.5586789791224743
26561,0.12579240438036793,0.3345364382899767,0.5396711573296552
26562,0.1803367271733223,0.07452047087031144,0.7451428019563664
26563,0.094990987269942,0.06749169645501965,0.8375173162750381
26564,0.025357877617066246,0.0199432028362151,0.9546989195467185
26565,0.04048908705915553,0.625604877024432,0.33390603591641266
26566,0.1493848097054154,0.12015023158586258,0.7304649587087223
26567,0.03704712913591703,0.06821494911474806,0.8947379217493348
26568,0.17817124114728478,0.7207719232152341,0.1010568356374808
26569,0.06800670507189618,0.08498036150136051,0.8470129334267433
26570,0.17225772755276034,0.28519161038236435,0.5425506620648752
26571,0.06030014146366102,0.10725340437134177,0.8324464541649974
26572,0.06678066697328211,0.2640247958023017,0.6691945372244164
26573,0.13497802973056797,0.1986334116875581,0.666388558581874
26574,0.08935484587875894,0.18739087768321172,0.7232542764380291
26575,0.11539173571526512,0.19156351818116515,0.6930447461035696
26576,0.09324280326610439,0.043830126835289675,0.8629270698986058
26577,0.10619748071401824,0.11283150088451274,0.7809710184014688
26578,0.29213958091233994,0.3436646815986743,0.3641957374889859
26579,0.16083571428571428,0.7242019841269841,0.1149623015873016
26580,0.09043912316520712,0.1596482958016877,0.7499125810331051
26581,0.07039079291320612,0.13536196487385338,0.7942472422129402
26582,0.02813638883046778,0.059918583609373084,0.9119450275601594
26583,0.07593672507053009,0.05171587677053837,0.8723473981589315
26584,0.0682050295149021,0.25258753434590736,0.6792074361391905
26585,0.08995160604342411,0.49283392623334443,0.4172144677232317
26586,0.24020169514819764,0.3374744394814887,0.4223238653703137
26587,0.20573555855908793,0.4483032253694019,0.34596121607151015
26588,0.03980851874157652,0.04686920785484779,0.9133222734035755
26589,0.09692895498225265,0.0987023746220925,0.8043686703956545
26590,0.10380037498387881,0.5580422879866616,0.3381573370294598
26591,0.09179482677096674,0.7916059492822484,0.11659922394678493
26592,0.06360035226211697,0.16271810490641195,0.773681542831471
26593,0.2993786694131245,0.26613700910556076,0.43448432148131494
26594,0.2473007747947226,0.2504337684350249,0.5022654567702527
26595,0.033565055138932265,0.1527355149092376,0.8136994299518302
26596,0.07250340926148507,0.1424217814432481,0.7850748092952666
26597,0.1369217647815224,0.42099325728744685,0.44208497793103085
26598,0.11751720831672811,0.11693773960951007,0.7655450520737616
26599,0.10386065780263928,0.17390741314992922,0.7222319290474314
26600,0.029071200729095473,0.02316130708853821,0.9477674921823663
26601,0.0801324013279835,0.2552679674469418,0.6645996312250746
26602,0.07770938607106771,0.22804176712247956,0.6942488468064525
26603,0.16234607031218282,0.23770925965906786,0.5999446700287493
26604,0.0828720271851933,0.20829368428254694,0.7088342885322598
26605,0.06516075453974304,0.08788178302968669,0.8469574624305701
26606,0.12478488005619154,0.23711300572793806,0.6381021142158706
26607,0.16943722038032732,0.779851147847268,0.05071163177240525
26608,0.06051052205809823,0.1592360483393752,0.7802534296025262
26609,0.05104485854717294,0.08436369753976736,0.8645914439130595
26610,0.23537301650451464,0.6740028589427893,0.09062412455269599
26611,0.1976935832330513,0.20150560205393472,0.6008008147130139
26612,0.06489105090581192,0.382071015552071,0.553037933542117
26613,0.0653524550368352,0.13067122841760218,0.8039763165455625
26614,0.040968465007085536,0.07504772166946051,0.8839838133234538
26615,0.1093426792356325,0.19799048663381005,0.6926668341305572
26616,0.10564691535598449,0.03733504859325077,0.8570180360507648
26617,0.12041335479131376,0.14183515603122646,0.7377514891774598
26618,0.10786484776393648,0.1379062421893912,0.7542289100466723
26619,0.16883190395745915,0.30925065254914585,0.5219174434933948
26620,0.21424562726305013,0.757212949177774,0.02854142355917634
26621,0.025226282489440387,0.04876599540810066,0.926007722102459
26622,0.059495708008107454,0.3013771299598199,0.6391271620320725
26623,0.06975805899809549,0.49066864235551494,0.43957329864638955
26624,0.08131592226694936,0.21442373420359306,0.7042603435294579
26625,0.5990819139121683,0.11380924792093322,0.2871088381668983
26626,0.3092279162647806,0.14263783024707677,0.5481342534881426
26627,0.05401028788050789,0.13561155557004168,0.8103781565494503
26628,0.04174004056762298,0.1447194366761795,0.8135405227561974
26629,0.04717043443670182,0.11520143510229616,0.8376281304610022
26630,0.09169451999423299,0.2298416411850036,0.6784638388207633
26631,0.07690959040959042,0.10611460206460208,0.8169758075258077
26632,0.2529981416104782,0.2043712808006775,0.5426305775888444
26633,0.08920902132559703,0.13621812023534924,0.7745728584390538
26634,0.08160394062666165,0.08780683442237282,0.8305892249509654
26635,0.09830515614967678,0.44233490339752535,0.45935994045279777
26636,0.07690383533468047,0.5009594080239819,0.42213675664133754
26637,0.018241877199805804,0.012175505179739771,0.9695826176204544
26638,0.06060264297106402,0.8017264183185236,0.13767093871041236
26639,0.31076302038106257,0.3430742076933142,0.346162771925623
26640,0.12451148468510899,0.10058842017865718,0.7749000951362338
26641,0.12680895848108154,0.6887325474973686,0.18445849402154985
26642,0.03177062301691363,0.08760148492297114,0.8806278920601155
26643,0.2505605353448146,0.13970755029965606,0.6097319143555293
26644,0.05285859759139214,0.17204635670872453,0.7750950456998834
26645,0.03340743558281982,0.12814797107197376,0.8384445933452063
26646,0.5889865865129023,0.06644735308551099,0.34456606040158666
26647,0.09986821166402049,0.1852636540834591,0.7148681342525207
26648,0.08143535290071849,0.6811371803323426,0.23742746676693907
26649,0.07213966305351091,0.09095380423958083,0.8369065327069082
26650,0.35036735181014833,0.5808893067854932,0.06874334140435835
26651,0.2107818301101883,0.6299890408099362,0.15922912907987535
26652,0.13165724288291608,0.046745650908441606,0.8215971062086423
26653,0.13525601339529425,0.082257907473659,0.7824860791310467
26654,0.13099705454314248,0.4519556201213817,0.4170473253354759
26655,0.073528345691581,0.26724348613760374,0.6592281681708152
26656,0.14655633086351907,0.1274578549414212,0.7259858141950598
26657,0.1524383717659007,0.20146980472913534,0.6460918235049641
26658,0.05964733941210113,0.15307735267907463,0.7872753079088243
26659,0.21305221834609886,0.2835038466586502,0.5034439349952509
26660,0.057784847224483175,0.38119204163811404,0.5610231111374027
26661,0.10412608689796986,0.18486533896445978,0.7110085741375705
26662,0.06498474041152863,0.20395571414166416,0.7310595454468073
26663,0.060992454356925435,0.2680276925179651,0.6709798531251094
26664,0.11937131757131757,0.10737761867761866,0.7732510637510639
26665,0.26604389755813806,0.2872675675238966,0.4466885349179652
26666,0.07552726992091753,0.32577785484633603,0.5986948752327464
26667,0.0979889476404011,0.07377357912069885,0.8282374732389001
26668,0.08988048582335358,0.29852840748687703,0.6115911066897693
26669,0.10064973337610131,0.24657502323437083,0.6527752433895279
26670,0.1282938373673089,0.12967761329337937,0.7420285493393117
26671,0.05780576920524151,0.1509323189500727,0.7912619118446859
26672,0.08690635381046345,0.15321635712297368,0.759877289066563
26673,0.2833313943867983,0.17133003237798994,0.5453385732352118
26674,0.5376909095308484,0.054535141264562007,0.4077739492045895
26675,0.04993055943164473,0.15245470407209472,0.7976147364962604
26676,0.06495598031186264,0.07827387421799187,0.8567701454701454
26677,0.05335058497112722,0.05761890097501085,0.8890305140538619
26678,0.15372850323532408,0.23518237903922334,0.6110891177254526
26679,0.16491996217937754,0.07490167618901145,0.7601783616316108
26680,0.036430401495056663,0.10889074455238248,0.8546788539525606
26681,0.09589538080784825,0.04363073016278341,0.8604738890293683
26682,0.04117357699553671,0.15830594290722347,0.8005204800972398
26683,0.013321407478079141,0.5487012019588835,0.4379773905630375
26684,0.03950243246726628,0.1177400565820653,0.8427575109506684
26685,0.08838179303524972,0.21859362810976915,0.693024578854981
26686,0.08798799390535166,0.09869818087317622,0.813313825221472
26687,0.3029253957664301,0.12387149717681532,0.5732031070567549
26688,0.25155879369976764,0.47863681185423274,0.26980439444599963
26689,0.10629740691115135,0.170353747668933,0.7233488454199154
26690,0.031236539167327815,0.0629708372970904,0.9057926235355815
26691,0.13739634008624635,0.25006272303452365,0.61254093687923
26692,0.012457659292004642,0.3510196498602571,0.6365226908477382
26693,0.0796087085596037,0.14300592763303757,0.7773853638073588
26694,0.6038901126107007,0.33441183544124725,0.06169805194805193
26695,0.09984417231525622,0.12808443845674097,0.7720713892280028
26696,0.08071854979680593,0.07471781584077168,0.8445636343624224
26697,0.06590247113997112,0.08190744684237332,0.8521900820176554
26698,0.09221742805595685,0.07362811564302975,0.8341544563010133
26699,0.12082450415766502,0.37393209347476897,0.5052434023675663
26700,0.057661511888133975,0.16171812171067718,0.7806203664011889
26701,0.11866091974084783,0.24447382000937076,0.6368652602497814
26702,0.14867634200883845,0.25184847000664784,0.5994751879845136
26703,0.07985157263551819,0.19682415648630652,0.7233242708781751
26704,0.03348740849900119,0.09079683803025888,0.8757157534707396
26705,0.07015493321183977,0.09019253628188428,0.8396525305062756
26706,0.03687953084291757,0.11312446195340932,0.849996007203673
26707,0.306138673306327,0.1251032570111526,0.5687580696825204
26708,0.09409532778762192,0.2619455901542941,0.6439590820580838
26709,0.05019126777003516,0.11037297189883294,0.8394357603311322
26710,0.23550838586910228,0.2585035872062742,0.5059880269246233
26711,0.1853576980059412,0.08782595168221548,0.7268163503118433
26712,0.06402152045468985,0.3014652752697417,0.6345132042755685
26713,0.14437765706515704,0.1879741161616162,0.6676482267732267
26714,0.10992394427113096,0.24914979862422323,0.6409262571046458
26715,0.06707687371036586,0.3301518680613355,0.6027712582282987
26716,0.2186583023432172,0.5811348311717665,0.20020686648501648
26717,0.04322068894960461,0.30465166072828426,0.6521276503221111
26718,0.08212583155453998,0.08561204255865382,0.8322621258868061
26719,0.10072878502918828,0.4745853442405862,0.42468587073022557
26720,0.03694038310150739,0.16490982044520944,0.7981497964532831
26721,0.030921161018795402,0.3038727629252552,0.6652060760559496
26722,0.1921315879016183,0.10667566812702331,0.7011927439713584
26723,0.13971205681794957,0.19035181849017277,0.6699361246918777
26724,0.07018110539583795,0.5764533200040477,0.3533655746001144
26725,0.062189523504664355,0.371073658833342,0.5667368176619938
26726,0.2168111739896106,0.2683668617102121,0.5148219643001771
26727,0.07333691889997371,0.060102446588903034,0.8665606345111232
26728,0.0458503468439464,0.22595594691739176,0.7281937062386618
26729,0.1661544284624893,0.052384747264601635,0.781460824272909
26730,0.005681153191233328,0.645851599771888,0.3484672470368788
26731,0.07265345608873702,0.09298627297469599,0.834360270936567
26732,0.24895836387324496,0.6843902738054419,0.06665136232131305
26733,0.08639349250459498,0.030677491253623953,0.8829290162417813
26734,0.07985147463391383,0.24387010496708952,0.6762784203989968
26735,0.040085620350439034,0.10225206211182751,0.8576623175377331
26736,0.18546844681705216,0.18210463350454656,0.6324269196784011
26737,0.07883151264010867,0.2264185306047276,0.6947499567551637
26738,0.029429286585613213,0.07644496779246769,0.8941257456219189
26739,0.2361480024734823,0.14568956080854983,0.6181624367179679
26740,0.0438270162585952,0.09798501542317331,0.8581879683182315
26741,0.24762697652131635,0.6929484461218681,0.05942457735681575
26742,0.05799114276514059,0.2978849933574366,0.6441238638774229
26743,0.13610169032134128,0.12531476812562337,0.7385835415530349
26744,0.21092478991596642,0.1363152194211018,0.652759990662932
26745,0.0389610031756291,0.10828629789254293,0.8527526989318275
26746,0.276944185832089,0.09596721845028502,0.6270885957176258
26747,0.06892640780075139,0.38450076722411575,0.5465728249751328
26748,0.3765277397203516,0.36642154026129975,0.2570507200183486
26749,0.047560464855877733,0.05730636763029687,0.8951331675138252
26750,0.047194505944505936,0.0906900310650311,0.8621154629904632
26751,0.09549443077832002,0.16116194514985824,0.7433436240718219
26752,0.07464211658711659,0.4530561797461798,0.47230170366670365
26753,0.1372772499169808,0.08690330939874545,0.7758194406842734
26754,0.0130991107286288,0.012498842102733077,0.9744020471686382
26755,0.045838995722731604,0.23797967213874924,0.7161813321385192
26756,0.26561680343858557,0.07147094841063054,0.6629122481507838
26757,0.06755037539021239,0.28631875634232806,0.6461308682674596
26758,0.030494913419913425,0.34368711125475826,0.6258179753253281
26759,0.058260639813766446,0.27138544937703385,0.6703539108091996
26760,0.0731278773916242,0.3757222263210555,0.5511498962873203
26761,0.022151665244834896,0.1452689052876862,0.8325794294674788
26762,0.05096108102363895,0.19528754254095684,0.753751376435404
26763,0.09999087361081363,0.19224315975765616,0.7077659666315301
26764,0.07348434992788429,0.17215138345254247,0.7543642666195735
26765,0.1516886255117963,0.14048267462105715,0.7078286998671462
26766,0.013452689988671997,0.6176570460361172,0.3688902639752106
26767,0.08208987516661903,0.2159321481401798,0.7019779766932013
26768,0.04379677404714352,0.9092218133811898,0.046981412571666575
26769,0.07356968481401455,0.32371860580039097,0.6027117093855945
26770,0.2211350707546659,0.2445953758688018,0.5342695533765325
26771,0.23373206858500972,0.7079266615737204,0.05834126984126984
26772,0.5762405108709013,0.06775251485915425,0.3560069742699444
26773,0.12989210791320766,0.16940924309402572,0.7006986489927668
26774,0.11187253106370751,0.13376346692523167,0.7543640020110608
26775,0.044561451955040104,0.4235873444308345,0.5318512036141252
26776,0.04829610985240479,0.05692360410653879,0.8947802860410564
26777,0.03187728801922531,0.10633061457261758,0.8617920974081572
26778,0.044720226502972776,0.1246039166413296,0.8306758568556973
26779,0.06544313404174085,0.0653880416854101,0.869168824272849
26780,0.04894411144411144,0.275800929746582,0.6752549588093067
26781,0.021268951366138062,0.06929651232484721,0.9094345363090146
26782,0.043734507337526214,0.06314565574886329,0.8931198369136104
26783,0.2422988945693712,0.23371797727874818,0.5239831281518808
26784,0.09111054313070444,0.41812824899115225,0.4907612078781435
26785,0.08961712783114534,0.08538772897940607,0.8249951431894484
26786,0.4698292652786794,0.09765765019662628,0.43251308452469445
26787,0.013052227342549922,0.018896825396825398,0.9680509472606245
26788,0.3235348876490472,0.031031749415342928,0.6454333629356098
26789,0.10875176389689155,0.374214661861766,0.5170335742413424
26790,0.045155473301690556,0.2509791087393529,0.7038654179589561
26791,0.0578615029714056,0.12657788711787166,0.8155606099107224
26792,0.09866846946912736,0.138026593500239,0.7633049370306334
26793,0.01573249485584352,0.2355526872063048,0.7487148179378513
26794,0.0462630485216054,0.1360298962815567,0.8177070551968377
26795,0.07373581475878115,0.35806017181905697,0.5682040134221619
26796,0.2005281128086006,0.7575472941692452,0.041924593022154
26797,0.08746569316569318,0.4375193528693528,0.475014953964954
26798,0.2869129998336619,0.199924316586208,0.5131626835801301
26799,0.07118217807036471,0.13612010556937343,0.7926977163602619
26800,0.11516684704184707,0.781380772005772,0.10345238095238096
26801,0.07795066126195006,0.28551086362722794,0.636538475110822
26802,0.023850740490738584,0.08915100893527111,0.8869982505739903
26803,0.06752055157473576,0.2605945103588414,0.6718849380664227
26804,0.05512590885209088,0.2763236170019214,0.6685504741459877
26805,0.042660989010989005,0.10930146520146518,0.8480375457875461
26806,0.10170621334347184,0.38838457311289587,0.5099092135436323
26807,0.04274038445231598,0.0643925336523356,0.8928670818953486
26808,0.031161366206718406,0.40097242635744496,0.5678662074358368
26809,0.08274797070218814,0.13589247705308935,0.7813595522447225
26810,0.055508549935338145,0.22150730144325143,0.7229841486214106
26811,0.02714448051948052,0.0823436465495289,0.8905118729309902
26812,0.05081578356025553,0.10948570580242252,0.839698510637322
26813,0.11197601773818815,0.21483644238005295,0.6731875398817588
26814,0.08913242612895225,0.08217403573834436,0.8286935381327036
26815,0.042162743513065815,0.23155021756785066,0.7262870389190836
26816,0.026759618464482177,0.3588899611271843,0.6143504204083334
26817,0.07554384812710511,0.0642417582145705,0.8602143936583243
26818,0.10077188721867512,0.11611424543951632,0.7831138673418083
26819,0.08472121408114618,0.1972469112327172,0.7180318746861366
26820,0.24558348933315252,0.7075512391736347,0.04686527149321267
26821,0.18170840926101442,0.7696983118256258,0.04859327891335978
26822,0.12244741726255765,0.1527631367492811,0.7247894459881611
26823,0.08404384269484698,0.06973933552983519,0.8462168217753177
26824,0.044794220961082036,0.03486536206223375,0.9203404169766842
26825,0.059912584916664596,0.11954226181787851,0.820545153265457
26826,0.08625211374446577,0.11223564249536336,0.8015122437601708
26827,0.07049116973971539,0.10974755462285765,0.8197612756374272
26828,0.11648632309157932,0.15017255841551674,0.7333411184929041
26829,0.05454073575615347,0.08990956711224672,0.8555496971315997
26830,0.033322875704706656,0.15632391156255365,0.81035321273274
26831,0.07317424999258476,0.12379776500339329,0.8030279850040221
26832,0.025316423342739137,0.06638455842403211,0.9082990182332286
26833,0.06566960480952928,0.17337626624366098,0.7609541289468098
26834,0.06351356809741902,0.1536331540191834,0.7828532778833975
26835,0.5874730469816579,0.06166696341294205,0.35085998960539994
26836,0.14577065852536877,0.40291152934892177,0.4513178121257094
26837,0.0849258528252857,0.08579102242773703,0.8292831247469775
26838,0.13068003416639284,0.04463275405022116,0.8246872117833861
26839,0.7212639194139195,0.057229076479076484,0.22150700410700405
26840,0.2006859547003498,0.20797739113120958,0.5913366541684405
26841,0.043416666666666666,0.061093776106933985,0.8954895572263992
26842,0.03335432181521789,0.18712725009287923,0.7795184280919029
26843,0.08679724246972104,0.10419527158174753,0.8090074859485314
26844,0.03485161735963483,0.5708596633077456,0.3942887193326197
26845,0.5631433485179805,0.07480535847952997,0.3620512930024894
26846,0.025907435582819816,0.11898130440530709,0.8551112600118728
26847,0.13146901097860178,0.14852483392093366,0.7200061551004646
26848,0.1932720010881676,0.11330632992045839,0.6934216689913738
26849,0.14078026777144306,0.11289040525644702,0.7463293269721101
26850,0.1305079983262086,0.21974759530188195,0.6497444063719096
26851,0.1365334580068474,0.15357195256534456,0.709894589427808
26852,0.1561809275265797,0.24537028816594034,0.59844878430748
26853,0.07791386419709533,0.09350912318056193,0.8285770126223426
26854,0.09869145273331319,0.8060129836571696,0.0952955636095171
26855,0.1360188763322179,0.2752585961136337,0.5887225275541484
26856,0.02625792874986423,0.0652293771043771,0.9085126941457586
26857,0.07370092433616819,0.2892070596413594,0.6370920160224722
26858,0.041378373022113654,0.7183548443832088,0.24026678259467743
26859,0.03697289891956446,0.497948671855792,0.46507842922464365
26860,0.06412047511312216,0.38998945834485055,0.5458900665420271
26861,0.10949750113204747,0.19904052907661754,0.6914619697913351
26862,0.11688885220019243,0.18714585561472175,0.695965292185086
26863,0.05144252379476165,0.09866581323284779,0.8498916629723904
26864,0.034569444444444444,0.46363218068031686,0.5017983748752388
26865,0.06135000963922029,0.16506566189254468,0.773584328468235
26866,0.03637584668769919,0.14241126387203462,0.8212128894402663
26867,0.08782569500241809,0.1003049270639334,0.8118693779336484
26868,0.10172110119224338,0.15724931373192078,0.7410295850758356
26869,0.010253456221198156,0.021453989716798065,0.9682925540620038
26870,0.04547069523385314,0.6596707082233396,0.29485859654280705
26871,0.193896948000024,0.15786061253424688,0.6482424394657292
26872,0.07169215435387406,0.19470885837608606,0.7335989872700397
26873,0.034889332021908116,0.30972105753158136,0.6553896104465105
26874,0.11246058364416861,0.38417188587418755,0.5033675304816438
26875,0.013039721539721539,0.02926737226737227,0.9576929061929058
26876,0.092649829208379,0.3414877241182359,0.5658624466733851
26877,0.09800463624184852,0.1444260228171209,0.7575693409410305
26878,0.11270905491376107,0.2664130909719729,0.620877854114266
26879,0.05413565012602383,0.18671060828264666,0.7591537415913291
26880,0.26202056598797907,0.07610738262142036,0.6618720513906006
26881,0.05711702469460709,0.21418862435124952,0.7286943509541434
26882,0.7023955108359133,0.08877782692024176,0.20882666224384486
26883,0.05439986849674907,0.1775003426745914,0.7680997888286598
26884,0.03930871752632554,0.519417647653721,0.4412736348199534
26885,0.11454281651969513,0.14761242600982485,0.73784475747048
26886,0.06330674906043222,0.11021694018136552,0.8264763107582022
26887,0.16508669108669108,0.19310930735930737,0.6418040015540016
26888,0.05326960021005672,0.30251064463976046,0.6442197551501826
26889,0.037854256144500956,0.07481764744951686,0.8873280964059821
26890,0.09240427458075265,0.3509051030272189,0.5566906223920283
26891,0.09477378736764415,0.5164444222685773,0.3887817903637786
26892,0.14052548095794204,0.2451254109562591,0.6143491080857989
26893,0.1113992352304299,0.11635200230830528,0.7722487624612647
26894,0.07361114665424892,0.06046185171288799,0.8659270016328628
26895,0.056626947883645334,0.2077577838931709,0.7356152682231837
26896,0.058176522997741405,0.3515188865760557,0.5903045904262028
26897,0.07277255317856342,0.12566634712734456,0.8015610996940922
26898,0.12051159352778497,0.04573331905104601,0.8337550874211691
26899,0.10502294069234859,0.19561652766093554,0.6993605316467157
26900,0.030833750181337206,0.18284508691193474,0.7863211629067279
26901,0.044889166984929396,0.32074413113197253,0.6343667018830982
26902,0.06499059959648194,0.06639833891598597,0.868611061487532
26903,0.14653709905701665,0.146140742050037,0.7073221588929465
26904,0.20706224984166158,0.7305459752665635,0.062391774891774894
26905,0.06208835841488173,0.13593465557590473,0.8019769860092135
26906,0.03463313088700086,0.13422040498201487,0.8311464641309841
26907,0.08241484609865565,0.13842306418987,0.7791620897114743
26908,0.06988314517342918,0.44760023176478503,0.4825166230617857
26909,0.05911105458009483,0.4648418886325233,0.476047056787382
26910,0.13995348376946573,0.26478362963082225,0.595262886599712
26911,0.12524861122274916,0.22324774869752376,0.6515036400797267
26912,0.047206500562985323,0.1096577655158449,0.8431357339211698
26913,0.44105525899836506,0.10453160388022838,0.45441313712140663
26914,0.020262808787254293,0.167116486004671,0.8126207052080744
26915,0.07844139997126927,0.18702424360944206,0.7345343564192887
26916,0.20434560809560812,0.6939771432271429,0.10167724867724867
26917,0.02264514104220639,0.19704181874895088,0.7803130402088427
26918,0.09014641987050959,0.326548395316537,0.5833051848129532
26919,0.616192324916463,0.24764478242064444,0.13616289266289264
26920,0.05923543185385291,0.19611784269021112,0.7446467254559356
26921,0.02527486572613453,0.6033647049118908,0.37136042936197455
26922,0.11880475447914099,0.39938984414042855,0.4818054013804302
26923,0.07691605548346299,0.0997666956730789,0.823317248843458
26924,0.16648402342987548,0.16386464373275964,0.6696513328373649
26925,0.04815327607016485,0.13489252332748788,0.8169542006023474
26926,0.11314445545424646,0.27957624169775874,0.6072793028479948
26927,0.15665366730065386,0.16664792879299106,0.6766984039063548
26928,0.056896524496855214,0.9209724160328797,0.022131059470264867
26929,0.05875532392523268,0.18233509529000372,0.7589095807847636
26930,0.07383376286447554,0.5071752294403836,0.41899100769514086
26931,0.2856734518381156,0.665817235601675,0.04850931256020937
26932,0.07418024245575024,0.4711899352328151,0.4546298223114348
26933,0.3535581710171493,0.19151599716073406,0.45492583182211677
26934,0.059792379199573496,0.22430032169015238,0.7159072991102741
26935,0.04158567679327765,0.12834269517943106,0.8300716280272912
26936,0.04900715690772563,0.06462897409755212,0.8863638689947222
26937,0.1379470260040682,0.2908801102267539,0.5711728637691779
26938,0.22994171994327275,0.6663799875345312,0.10367829252219574
26939,0.29178613174265344,0.6109065089499872,0.0973073593073593
26940,0.12286874236874237,0.1624411976911977,0.7146900599400599
26941,0.05014331437396452,0.08965954185519401,0.8601971437708416
26942,0.19466462044439478,0.3312339491668638,0.4741014303887415
26943,0.02562516140230077,0.38625248181558397,0.5881223567821151
26944,0.048720940170940176,0.12152974933563168,0.8297493104934283
26945,0.1601048106889651,0.5967856799682221,0.24310950934281272
26946,0.10664138734066855,0.17864108678767043,0.7147175258716609
26947,0.06574674745593709,0.2047440070949265,0.7295092454491364
26948,0.1163854008198207,0.3272788461896261,0.5563357529905533
26949,0.02011406831472621,0.08517137382597909,0.8947145578592948
26950,0.09506934836573067,0.09306687141999256,0.8118637802142767
26951,0.5370774832269677,0.3200543282605138,0.1428681885125184
26952,0.0842468750543429,0.21259695870314974,0.7031561662425073
26953,0.04470581919462517,0.03393454776290597,0.9213596330424687
26954,0.02576222439660796,0.19798999861629996,0.7762477769870924
26955,0.08886298760113111,0.6635422194942912,0.24759479290457762
26956,0.15247925448580277,0.2655299661225854,0.5819907793916118
26957,0.32858240118647886,0.12975471315685344,0.5416628856566676
26958,0.30801847176209146,0.25039795118943986,0.44158357704846873
26959,0.057449107528222416,0.22847774844289714,0.7140731440288802
26960,0.05955599868857478,0.28722105753158134,0.6532229437798436
26961,0.05175076050076051,0.15304276354276353,0.7952064759564758
26962,0.0805546620502599,0.3499266927038756,0.5695186452458644
26963,0.0796087085596037,0.14300592763303757,0.7773853638073588
26964,0.12941489883986396,0.3044110725686938,0.5661740285914421
26965,0.04349330149795166,0.5176996644420562,0.4388070340599921
26966,0.058176522997741405,0.3515188865760557,0.5903045904262028
26967,0.05234112455728427,0.0606615266280454,0.8869973488146705
26968,0.09527974127304663,0.25607786383916376,0.6486423948877895
26969,0.045715093195642396,0.08366579120726719,0.8706191155970903
26970,0.19886253611359136,0.11570853476000809,0.6854289291264005
26971,0.01541167982344453,0.1776602564102564,0.8069280637662992
26972,0.06778421137619979,0.1899048808249844,0.7423109077988157
26973,0.10231268146826095,0.12862396413488436,0.7690633543968544
26974,0.09015637669670218,0.10316733873036396,0.8066762845729342
26975,0.007849178403755867,0.04563533652897779,0.9465154850672665
26976,0.202062424503601,0.69304868660751,0.10488888888888889
26977,0.08991000718690591,0.2196078634651752,0.6904821293479189
26978,0.06977129131674494,0.19218145568445805,0.7380472529987969
26979,0.13031617293382,0.26711396827573297,0.6025698587904469
26980,0.0456348163723276,0.09583864754732958,0.8585265360803429
26981,0.07497860041327446,0.4239117367944131,0.5011096627923125
26982,0.06156055748459941,0.13949884544108385,0.798940597074317
26983,0.1151948772793451,0.14280886844039334,0.7419962542802614
26984,0.06592143821064887,0.233273003162386,0.7008055586269655
26985,0.17228159479142646,0.2865844083888549,0.5411339968197187
26986,0.009059598059598061,0.026615305928605157,0.9643250960117967
26987,0.11577260439408414,0.17618666176920272,0.708040733836713
26988,0.09950463194682264,0.2897000909559226,0.6107952770972548
26989,0.0616672002508434,0.24298992051781684,0.6953428792313399
26990,0.048087812282609665,0.06588870652577325,0.8860234811916169
26991,0.03623297723333627,0.06610763605697281,0.8976593867096908
26992,0.09849638473275489,0.38318685988807927,0.5183167553791657
26993,0.036805214833251915,0.14549417455298844,0.8177006106137596
26994,0.11929030161309044,0.18627307275059074,0.6944366256363188
26995,0.06727878078211103,0.30082009140336985,0.6319011278145189
26996,0.05748999475859219,0.12024506015854795,0.8222649450828599
26997,0.3431440465165956,0.5037503002699082,0.15310565321349637
26998,0.3307601210178383,0.081697059107992,0.5875428198741699
26999,0.3607738809833112,0.14607080735128927,0.4931553116653995
27000,0.019532815887595492,0.49175080417332323,0.4887163799390812
27001,0.026201905193318397,0.268248515352902,0.7055495794537794
27002,0.08766853408029879,0.09769410422738599,0.814637361692315
27003,0.15273009006007357,0.1414111464374945,0.7058587635024319
27004,0.18136721215965693,0.07828679309748919,0.7403459947428537
27005,0.09689499906872787,0.3856355450105451,0.517469455920727
27006,0.009843576316156961,0.02000627472885537,0.9701501489549875
27007,0.12652140318200442,0.44952898962570187,0.42394960719229374
27008,0.09612353182104579,0.25189845348575557,0.6519780146931987
27009,0.04329063556675497,0.3825437369429907,0.5741656274902541
27010,0.07377797801092038,0.26399540617581857,0.6622266158132609
27011,0.21968118122951602,0.4907761614729512,0.28954265729753276
27012,0.08413281965725798,0.04881920717690608,0.867047973165836
27013,0.2748341898028004,0.20176503214681177,0.5234007780503879
27014,0.12403756467409868,0.41666656441984257,0.4592958709060587
27015,0.06252031430022252,0.4503124366664015,0.4871672490333758
27016,0.09836710171148956,0.1324949275194708,0.7691379707690396
27017,0.07560406440890595,0.14908819486302166,0.7753077407280725
27018,0.061076038154921755,0.11373080436632481,0.8251931574787534
27019,0.13384596895088488,0.1882524970892007,0.6779015339599143
27020,0.011241968083753074,0.5004421651933822,0.48831586672286464
27021,0.05987615616720835,0.6137941122736216,0.32632973155917
27022,0.09240300914170506,0.23740416682246515,0.6701928240358296
27023,0.17034798534798537,0.25839062326562323,0.5712613913863914
27024,0.18170734999767257,0.3623673075470863,0.45592534245524113
27025,0.27281346640265686,0.09013922249362945,0.6370473111037136
27026,0.015852688009664752,0.0324932548072083,0.951654057183127
27027,0.01831547548862724,0.05746839187831346,0.9242161326330591
27028,0.2672898082771448,0.1767046141340108,0.5560055775888444
27029,0.06676504154804563,0.15615946243950024,0.7770754960124538
27030,0.09050394492540685,0.32780718597910385,0.5816888690954891
27031,0.49314326253456675,0.28884313271269785,0.21801360475273515
27032,0.2896144854342987,0.08733664473949723,0.6230488698262042
27033,0.0996183927420928,0.06498452831213604,0.8353970789457713
27034,0.212363611798038,0.16845219949544674,0.6191841887065153
27035,0.5874730469816579,0.06166696341294205,0.35085998960539994
27036,0.012583333333333335,0.07334523809523809,0.9140714285714284
27037,0.1897593973449052,0.16432540240654003,0.6459152002485545
27038,0.02199180297086035,0.13159163825496592,0.8464165587741737
27039,0.3943567258928863,0.20719891174385868,0.39844436236325487
27040,0.0854803405990444,0.07519048453747017,0.8393291748634851
27041,0.010944333893718038,0.07118990006420539,0.9178657660420765
27042,0.2523561729428485,0.6788745012313626,0.06876932582578886
27043,0.04704979960308097,0.11653773559587964,0.8364124648010391
27044,0.05575608275682052,0.07646034149905129,0.8677835757441281
27045,0.09941625337939751,0.1349333951308305,0.7656503514897719
27046,0.06739021421449039,0.14923970255884786,0.7833700832266618
27047,0.1368939571761235,0.3140125906423669,0.5490934521815095
27048,0.17345742437212885,0.7752183878765454,0.05132418775132558
27049,0.06056294049286008,0.5800821491032486,0.35935491040389134
27050,0.06072907114178547,0.10775536334563476,0.8315155655125794
27051,0.10036888949214379,0.46877761509579957,0.43085349541205664
27052,0.05077151795734708,0.17895087571489807,0.7702776063277547
27053,0.0981323275862069,0.26986441655031923,0.632003255863474
27054,0.05651527922245145,0.09465371037008971,0.848831010407459
27055,0.2142364966551435,0.7497536663999586,0.03600983694489792
27056,0.24767836859077272,0.6193143102989649,0.13300732111026228
27057,0.12433301732967397,0.26305006774265327,0.6126169149276728
27058,0.35147050614781833,0.1954975533232479,0.45303194052893403
27059,0.08954768270944742,0.15707832750325007,0.7533739897873026
27060,0.06923934408044181,0.32553532658743106,0.6052253293321272
27061,0.3145137342447713,0.24034568171467477,0.4451405840405537
27062,0.05378987451189076,0.1458106419314122,0.8003994835566971
27063,0.0664559938373432,0.06852305111472984,0.8650209550479269
27064,0.015592130946890648,0.026397891185609215,0.9580099778675
27065,0.13528768041281372,0.23215352841549985,0.6325587911716866
27066,0.06896291567931712,0.060539515907450395,0.8704975684132321
27067,0.06070690071712726,0.1303552536967146,0.8089378455861579
27068,0.6965326743969901,0.06379594286227078,0.2396713827407393
27069,0.023060675883256526,0.08185829493087558,0.895081029185868
27070,0.029838696909005143,0.06550465187736179,0.904656651213633
27071,0.05758000395506295,0.04316679453070513,0.8992532015142319
27072,0.035957928558309774,0.47111553408373213,0.49292653735795816
27073,0.08923660676701603,0.2758433493529574,0.6349200438800263
27074,0.12477443962492185,0.37527863084799995,0.4999469295270781
