index,0,1,2
26457,0.061670828266921836,0.20832162021746387,0.7300075515156144
26458,0.27828664223113814,0.198284407094469,0.5234289506743929
26459,0.08314594285764118,0.1530285091861895,0.7638255479561694
26460,0.12064535051945204,0.10445143602620859,0.7749032134543395
26461,0.07420291462678322,0.28129522685629577,0.6445018585169211
26462,0.030906702068889645,0.0924311040738991,0.8766621938572112
26463,0.5688919182819903,0.3771268003626532,0.05398128135535662
26464,0.11479798954112232,0.10847978145530005,0.7767222290035776
26465,0.0571786276436761,0.1135363761454959,0.8292849962108281
26466,0.050844763614829744,0.29562024376890816,0.6535349926162621
26467,0.0733378172272125,0.060677914924850675,0.8659842678479369
26468,0.057598567563512594,0.09985276545629077,0.8425486669801967
26469,0.48413029256638723,0.12024698002686095,0.3956227274067519
26470,0.09720029151327103,0.1831329854797089,0.7196667230070203
26471,0.04290270849823839,0.12677109465802244,0.8303261968437392
26472,0.05777047409742489,0.19915377780106425,0.743075748101511
26473,0.05857335817581322,0.09086664400405989,0.850559997820127
26474,0.3040707565775517,0.673784689482119,0.022144553940329367
26475,0.3485267137836931,0.21608832332425043,0.43538496289205664
26476,0.03764133179268924,0.12215850134720513,0.8402001668601058
26477,0.08578872947349514,0.07837931528850069,0.8358319552380044
26478,0.09019235499853116,0.09252833179925021,0.8172793132022187
26479,0.025416337688254964,0.08106385602743282,0.8935198062843122
26480,0.06576774486721373,0.07229295457476763,0.8619393005580186
26481,0.0410520188631468,0.4373043883581186,0.5216435927787346
26482,0.26542869702914873,0.05317390351323415,0.6813973994576172
26483,0.03990541850927508,0.23762422053402513,0.7224703609566998
26484,0.11770801132603907,0.24228749495996565,0.6400044937139954
26485,0.03896006116532776,0.06429526528297964,0.8967446735516929
26486,0.08265133538401163,0.10384084594621532,0.8135078186697732
26487,0.06988290306673452,0.14133379378349578,0.7887833031497697
26488,0.1168731258597547,0.8032923304907992,0.07983454364944623
26489,0.046010627914085285,0.3276126402674867,0.6263767318184281
26490,0.10758244730165588,0.26322635457083404,0.6291911981275101
26491,0.06522832338510641,0.08497857641307649,0.8497931002018172
26492,0.0711773465590359,0.15483176425995973,0.7739908891810044
26493,0.520821333370985,0.4715081273759703,0.007670539253044715
26494,0.22343638601668042,0.18382856552986485,0.5927350484534548
26495,0.04085950019728779,0.09039503144728062,0.8687454683554318
26496,0.23322528986116917,0.1535014728814209,0.61327323725741
26497,0.04500876723679562,0.6464394947156806,0.30855173804752395
26498,0.20620662127386902,0.5192140045218931,0.27457937420423784
26499,0.029705925570166613,0.12565866800444397,0.8446354064253895
26500,0.07829308068225382,0.31304810328258126,0.6086588160351649
26501,0.11876751573186786,0.28600682010515377,0.5952256641629785
26502,0.020378814575745252,0.049987051359940166,0.9296341340643146
26503,0.12130389868493122,0.4834663762358339,0.39522972507923493
26504,0.18669329294015005,0.25408177454280706,0.559224932517043
26505,0.08117338202783604,0.07151330028389873,0.8473133176882653
26506,0.11681581925702152,0.8384708544361199,0.04471332630685863
26507,0.10091938301243641,0.8274125462831656,0.07166807070439793
26508,0.11321768620431813,0.2916425308696898,0.5951397829259922
26509,0.36470566982627173,0.15356437396372735,0.481729956210001
26510,0.06660989199593773,0.1999003120952322,0.7334897959088302
26511,0.09181089862689379,0.05559793307371956,0.8525911682993867
26512,0.07399643281221999,0.15516802338419175,0.7708355438035884
26513,0.0793751650667773,0.12773430417151668,0.7928905307617061
26514,0.06699129942910052,0.10037850875796407,0.8326301918129354
26515,0.16111985939620693,0.05579114207390501,0.7830889985298882
26516,0.047358513089689074,0.35270868034091807,0.5999328065693929
26517,0.334379489467274,0.6095503277236313,0.05607018280909471
26518,0.10588064593691399,0.15215187792320353,0.7419674761398826
26519,0.5132884539349436,0.09990029353213369,0.3868112525329228
26520,0.024281321845806555,0.8481356070704792,0.12758307108371425
26521,0.06881916942894525,0.12780134942522686,0.8033794811458279
26522,0.10577468795256251,0.2245964655129327,0.6696288465345049
26523,0.07933972613861817,0.16563556747693392,0.755024706384448
26524,0.13639675320327588,0.24906179936913564,0.6145414474275885
26525,0.1543690099452084,0.20672505146890297,0.6389059385858886
26526,0.06684972506997502,0.10422107289269816,0.8289292020373269
26527,0.10768974944978515,0.5115429401094143,0.38076731044080064
26528,0.10923755863240904,0.8768742997269514,0.01388814164063961
26529,0.32872573567479657,0.13097015625437036,0.5403041080708332
26530,0.07910292757050073,0.21506283722514022,0.7058342352043592
26531,0.038009686109140045,0.1165984515515924,0.8453918623392677
26532,0.45007451131917536,0.1200416401437844,0.42988384853704026
26533,0.06738039592800431,0.17477801996055928,0.7578415841114365
26534,0.03647015205932834,0.049742674946601374,0.9137871729940703
26535,0.06150918979128368,0.13021582302407458,0.8082749871846419
26536,0.17443101449919685,0.1832072090210337,0.6423617764797694
26537,0.07830148734779965,0.09280376786893788,0.8288947447832626
26538,0.06470805690316751,0.38405219817727276,0.5512397449195598
26539,0.021713010836850937,0.12089390600888357,0.8573930831542657
26540,0.2450393072679603,0.19189651355740428,0.5630641791746356
26541,0.0576458634272037,0.12359767421330807,0.8187564623594883
26542,0.07861450308048236,0.09053904231615875,0.8308464546033589
26543,0.05945837892163539,0.06650821039146464,0.8740334106868999
26544,0.22217654135001533,0.1285118143098091,0.6493116443401756
26545,0.09602973212587913,0.203896602127607,0.700073665746514
26546,0.045317960006257006,0.1629455005291803,0.7917365394645629
26547,0.03221395707377646,0.07134061143781367,0.8964454314884098
26548,0.08184433968119911,0.07949285605418677,0.8386628042646143
26549,0.15147071336664583,0.8186700315594523,0.029859255073901938
26550,0.0416725467279733,0.31412947042805645,0.6441979828439703
26551,0.035436918089513235,0.3679795537202151,0.5965835281902717
26552,0.028693340130936742,0.11606612542020688,0.8552405344488565
26553,0.050127921539012514,0.07647093785516643,0.8734011406058211
26554,0.13591150528335744,0.5252983733193433,0.3387901213972994
26555,0.10561737060703602,0.12331826542393873,0.7710643639690253
26556,0.021472461934935516,0.17977144083125063,0.798756097233814
26557,0.09007714471955296,0.08114250474154988,0.8287803505388973
26558,0.46919148097098706,0.12141888873622722,0.40938963029278574
26559,0.20893647753762193,0.054526463591669544,0.7365370588707086
26560,0.09618473983729733,0.17443588444208075,0.729379375720622
26561,0.06349253590997816,0.11223720380201672,0.8242702602880051
26562,0.04780598259263901,0.08310417493315413,0.869089842474207
26563,0.05457030959224518,0.08844068750724808,0.8569890029005068
26564,0.05278121982344386,0.12252776219780924,0.8246910179787471
26565,0.08444831803802523,0.5535427672125094,0.3620089147494655
26566,0.09046361795074657,0.08647419336495359,0.8230621886842999
26567,0.05360670012026566,0.07583789779057128,0.8705554020891632
26568,0.21044033409920743,0.7584937367196666,0.03106592918112608
26569,0.04125308320580792,0.13011093892956432,0.8286359778646278
26570,0.1437331552034546,0.3934941069488593,0.4627727378476862
26571,0.05942093545997924,0.13585580934146332,0.8047232551985576
26572,0.08249289890462848,0.40236598719666866,0.5151411138987029
26573,0.17987534082903897,0.1529696155360311,0.6671550436349301
26574,0.2019384692037245,0.06835277266386779,0.7297087581324078
26575,0.11173496914152953,0.07955940838278286,0.8087056224756877
26576,0.06847755437595052,0.047911691603761915,0.8836107540202875
26577,0.15014031685689755,0.24916602201654414,0.6006936611265583
26578,0.27431358820125973,0.2562711206859207,0.4694152911128197
26579,0.24213104777818031,0.7126918346505865,0.04517711757123339
26580,0.04609614592558673,0.16782928860907748,0.7860745654653358
26581,0.10584791199661651,0.1561315440843498,0.7380205439190338
26582,0.03519996004456242,0.06818500604947135,0.8966150339059663
26583,0.055928462787304616,0.08137030794838189,0.8627012292643136
26584,0.12135250522412308,0.15533645157084944,0.7233110432050277
26585,0.06491057688192163,0.583686477635356,0.3514029454827224
26586,0.27545727822972776,0.4096255305915318,0.31491719117874056
26587,0.15421369080400707,0.4941998321785437,0.3515864770174492
26588,0.0270051904877469,0.08914102572916303,0.8838537837830902
26589,0.13784402920381786,0.12211136710154256,0.7400446036946396
26590,0.08957703155536664,0.529349606956216,0.3810733614884174
26591,0.30187194701085474,0.6542007887216734,0.04392726426747181
26592,0.2783102362381505,0.10317513178319423,0.6185146319786553
26593,0.056578235721993886,0.4060208364387946,0.5374009278392117
26594,0.08139909599504785,0.21875922901271835,0.6998416749922339
26595,0.04923094263233289,0.06255041408022227,0.8882186432874448
26596,0.0639307923973783,0.09951195312766999,0.8365572544749519
26597,0.2049252598324219,0.4366021573376091,0.35847258282996913
26598,0.15582556432609873,0.12152575652101208,0.7226486791528892
26599,0.06883189189765117,0.08490781266320006,0.8462602954391489
26600,0.04629633835222184,0.057812971707135494,0.8958906899406428
26601,0.06209552317355411,0.15918220601807798,0.778722270808368
26602,0.03428576244782608,0.09813146739270824,0.8675827701594656
26603,0.04844465090294058,0.10021581286313332,0.8513395362339262
26604,0.053817740056324004,0.09869822569219745,0.8474840342514787
26605,0.07079701994436707,0.10314937684581431,0.8260536032098187
26606,0.12873505003412952,0.3051163911457928,0.5661485588200778
26607,0.13600952777276765,0.8472184825188049,0.016771989708427557
26608,0.04171633138751648,0.17604916568703566,0.7822345029254478
26609,0.06306434867676045,0.09221459245373267,0.844721058869507
26610,0.3008804169120409,0.6470024884361621,0.052117094651796946
26611,0.07982918436704128,0.222228394442242,0.6979424211907169
26612,0.06333469311793884,0.39275633407599425,0.543908972806067
26613,0.06871125271107532,0.20181092389938043,0.7294778233895443
26614,0.05047904746093663,0.10765119525657363,0.8418697572824898
26615,0.11273915104416506,0.11577700031187628,0.7714838486439588
26616,0.0941643688519747,0.046692209865526045,0.8591434212824993
26617,0.09151172911562132,0.06460377765896347,0.8438844932254154
26618,0.14714286727081616,0.1313773297380788,0.7214798029911051
26619,0.09272140536440955,0.28286732145244503,0.6244112731831456
26620,0.22681937376076639,0.728590752233927,0.04458987400530679
26621,0.04433043486711165,0.05888705629276884,0.8967825088401196
26622,0.12265354119008956,0.36837998069951505,0.5089664781103955
26623,0.02775010043537161,0.6413368262439809,0.3309130733206476
26624,0.0310361369587171,0.12196332926625715,0.8470005337750259
26625,0.5765041664863324,0.11591463279422298,0.30758120071944467
26626,0.2069437792996451,0.09886203399437356,0.6941941867059814
26627,0.0754615089157127,0.14728822364074712,0.7772502674435402
26628,0.03308567999673575,0.11675628768282201,0.8501580323204422
26629,0.052091777967773936,0.10395215277795204,0.8439560692542741
26630,0.03659011492297297,0.16806458108707673,0.7953453039899504
26631,0.03830857989457253,0.05335104684126452,0.9083403732641631
26632,0.24823319937117086,0.17467999682664415,0.577086803802185
26633,0.06852487007103424,0.09242765587363339,0.8390474740553325
26634,0.052471732980780415,0.10824765043596639,0.8392806165832533
26635,0.07877257952950455,0.26303828634759485,0.6581891341229007
26636,0.056156212577474475,0.3097911692642348,0.6340526181582908
26637,0.028631471782995792,0.0644526036399255,0.9069159245770788
26638,0.05670489224707432,0.723796510884945,0.2194985968679807
26639,0.32891603792460067,0.32581574052444606,0.3452682215509534
26640,0.050447993224069676,0.1361951486633349,0.8133568581125955
26641,0.1477413127371769,0.6853310425043824,0.16692764475844074
26642,0.056883435041514066,0.15672798382712344,0.7863885811313626
26643,0.0877987635350945,0.13626985131251157,0.7759313851523941
26644,0.04652380944141246,0.1289549494273748,0.824521241131213
26645,0.042901759276600594,0.10103574453697199,0.8560624961864275
26646,0.7215380202146531,0.06917018212382411,0.20929179766152284
26647,0.09796663112420341,0.13983164415404584,0.7622017247217509
26648,0.07531496313213501,0.5802808513681512,0.34440418549971386
26649,0.08065808937283271,0.1507552415927397,0.7685866690344276
26650,0.574220052820974,0.4011669875709737,0.02461295960805237
26651,0.2828366092943437,0.6905580909912485,0.026605299714407945
26652,0.2509837005287589,0.07773844653325127,0.6712778529379899
26653,0.1602496617720248,0.11764502768993354,0.7221053105380418
26654,0.07168118363149723,0.5417262063840508,0.38659260998445205
26655,0.04967192496904924,0.4308783795179229,0.5194496955130279
26656,0.0982131062103339,0.11472997492741856,0.7870569188622477
26657,0.11602790583263359,0.1683676891055486,0.715604405061818
26658,0.048808449486231614,0.21820084295874653,0.7329907075550218
26659,0.19800121705268378,0.18390795667495738,0.6180908262723589
26660,0.05968205441772808,0.3677222563733547,0.5725956892089172
26661,0.09366355982706998,0.1290844788284554,0.7772519613444747
26662,0.032611245617407726,0.21815837014058495,0.7492303842420075
26663,0.08362551941622606,0.3568094831078105,0.5595649974759636
26664,0.08236210231101705,0.12975388431946272,0.7878840133695204
26665,0.15094502546017452,0.34020890263430886,0.5088460719055168
26666,0.03261537879949185,0.6260003722819086,0.3413842489185997
26667,0.030354665085333903,0.086176392778059,0.8834689421366071
26668,0.07617227692865357,0.5276219630191463,0.3962057600522002
26669,0.04969843438079564,0.4316778601176406,0.5186237055015639
26670,0.35477957985422465,0.24782103515161275,0.3973993849941628
26671,0.1151174898410733,0.13385084346060303,0.7510316666983237
26672,0.04482949053317882,0.07290353646978015,0.882266972997041
26673,0.137925725798382,0.09910632048465821,0.7629679537169599
26674,0.4176248523002753,0.09014034190289251,0.4922348057968323
26675,0.08088707106374353,0.1513412302541132,0.7677716986821432
26676,0.054040064926635274,0.09905235618765935,0.8469075788857054
26677,0.056604007890321696,0.10372613994257815,0.8396698521671003
26678,0.13806691199901439,0.3111555061816725,0.5507775818193132
26679,0.20143492990257206,0.1447123801765707,0.6538526899208573
26680,0.04320897696920155,0.11023792550702174,0.8465530975237769
26681,0.07598858332786117,0.1247027122406102,0.7993087044315287
26682,0.08664488846127484,0.1511668234944388,0.7621882880442864
26683,0.023249651065982306,0.3186266268932055,0.6581237220408123
26684,0.08663375639137691,0.14865551165571145,0.7647107319529116
26685,0.1660378471259882,0.194250369042789,0.639711783831223
26686,0.032630892357922575,0.1076226891373736,0.8597464185047039
26687,0.0684269467136187,0.16161424699529686,0.7699588062910845
26688,0.14447756562879627,0.726494585685316,0.1290278486858878
26689,0.09754313969934618,0.13601236220141522,0.7664444980992385
26690,0.04147336564684069,0.09540191573113406,0.8631247186220253
26691,0.07868274986583598,0.20628015343372136,0.7150370967004428
26692,0.024136052242216748,0.23383949232738196,0.7420244554304013
26693,0.209241531715016,0.141944380699109,0.6488140875858751
26694,0.5826142106819281,0.40695321115776983,0.010432578160302207
26695,0.06699155547498245,0.05403664686042693,0.8789717976645907
26696,0.04397913841186183,0.09419286212285545,0.8618279994652829
26697,0.04742707226537429,0.0719030027347381,0.8806699249998877
26698,0.06931311122704616,0.06966881142778313,0.8610180773451708
26699,0.16735512887142598,0.3400252607972552,0.492619610331319
26700,0.04364046845273357,0.35951728139357897,0.5968422501536875
26701,0.22102463718272666,0.3544678214772138,0.42450754134005975
26702,0.1750467420345993,0.32325357576375874,0.5016996822016421
26703,0.07972333740144454,0.15768802913070443,0.7625886334678511
26704,0.03934462672760461,0.09265794508466194,0.8679974281877336
26705,0.07241522834746465,0.07915091192270231,0.8484338597298332
26706,0.12095257301319134,0.10132509884452329,0.7777223281422855
26707,0.4347457553511241,0.1143065334914037,0.4509477111574724
26708,0.08842893353606089,0.10850418986861411,0.803066876595325
26709,0.05303333914572868,0.10900213946836479,0.8379645213859066
26710,0.11868646635286187,0.23181575675980598,0.6494977768873322
26711,0.2750861224819892,0.12157847527582034,0.6033354022421905
26712,0.044567705173474595,0.13549378757463157,0.8199385072518939
26713,0.08787910179788712,0.34055488269270445,0.5715660155094086
26714,0.1351826756948477,0.11252022321749744,0.7522971010876548
26715,0.05110375613225588,0.37500626114042085,0.5738899827273233
26716,0.06146805658683836,0.6339149175974679,0.30461702581569394
26717,0.057571572747060984,0.31011521839703365,0.6323132088559055
26718,0.09048744435386973,0.10248357106757462,0.8070289845785559
26719,0.08858952680182972,0.2207226726232968,0.6906878005748737
26720,0.1651130121819491,0.10783739022749972,0.7270495975905512
26721,0.0343996307498269,0.3334225641395497,0.6321778051106234
26722,0.27291092116390914,0.10640011999950563,0.6206889588365853
26723,0.1877390600426349,0.15362886496883035,0.6586320749885349
26724,0.10353160369775828,0.5264588841690991,0.3700095121331427
26725,0.03608854784480804,0.18402260611335894,0.7798888460418331
26726,0.11406684937599006,0.5682091825814067,0.3177239680426033
26727,0.0482475532649001,0.10508361917964464,0.8466688275554554
26728,0.0978571510069717,0.1731179400381771,0.7290249089548513
26729,0.1996246365095806,0.1847556206480639,0.6156197428423557
26730,0.06306185239155286,0.46868819602939166,0.4682499515790555
26731,0.05241945104957741,0.12757502992814335,0.8200055190222795
26732,0.3025136382386182,0.6497152467573516,0.047771115004030335
26733,0.08489863162855117,0.07569622124848856,0.8394051471229603
26734,0.05663690568586868,0.1988281172275435,0.7445349770865879
26735,0.024592390391081232,0.0992718075741538,0.876135802034765
26736,0.08219272730571268,0.35189290664862316,0.5659143660456643
26737,0.1737522972768271,0.12865337793333984,0.6975943247898331
26738,0.04933394766848946,0.07523452622574546,0.875431526105765
26739,0.47626706908108946,0.10152612053573072,0.4222068103831799
26740,0.03938374713855512,0.11428817443864159,0.8463280784228033
26741,0.16804070585841197,0.7691845339393276,0.06277476020226058
26742,0.0560397803280087,0.11054253234792427,0.8334176873240672
26743,0.11291730949441794,0.10640464295420872,0.7806780475513734
26744,0.17427769837160476,0.14738452072639116,0.6783377809020043
26745,0.04542221930160116,0.07122860100141658,0.8833491796969822
26746,0.3665308464122638,0.18370556959153256,0.4497635839962037
26747,0.07816680692487013,0.5926485576054819,0.32918463546964816
26748,0.2610814891635079,0.43819710278058577,0.30072140805590647
26749,0.03324892948243132,0.178150317606845,0.7886007529107238
26750,0.032946069707669896,0.06517012188585904,0.9018838084064711
26751,0.05899824579015979,0.12229978069436205,0.8187019735154781
26752,0.05371879838347371,0.48474509076839684,0.4615361108481295
26753,0.05228832238610991,0.12330698175702577,0.8244046958568645
26754,0.07308645180273254,0.0560963176862782,0.8708172305109892
26755,0.030213393289811787,0.07599261678245317,0.8937939899277351
26756,0.1905287429298552,0.06193120843473357,0.7475400486354113
26757,0.04872740516314061,0.1126890296090188,0.8385835652278406
26758,0.3193847569442488,0.1792353545568599,0.5013798884988915
26759,0.12699458254428422,0.318980318678873,0.5540250987768429
26760,0.32295791003592,0.2899436874956739,0.3870984024684061
26761,0.04834571764966743,0.08262876998743092,0.8690255123629017
26762,0.052106412375760996,0.06881810456699117,0.8790754830572479
26763,0.07492967163965826,0.14065398571171478,0.7844163426486269
26764,0.10306186711582833,0.21396651816428988,0.6829716147198819
26765,0.0756384219737382,0.12792131790832273,0.7964402601179392
26766,0.04082713884701001,0.41294928283700405,0.5462235783159861
26767,0.10308857185773841,0.14064223538979073,0.756269192752471
26768,0.06571288294787006,0.9268091083270813,0.007478008725048682
26769,0.1842314879459681,0.24467449528893484,0.5710940167650971
26770,0.09036391761095088,0.20058093929166332,0.709055143097386
26771,0.08394140880312899,0.9079421120772774,0.008116479119593541
26772,0.5685640669502774,0.050413940374816196,0.38102199267490655
26773,0.10598027786004682,0.09164742192193621,0.8023723002180171
26774,0.1563147200957077,0.22466819452623846,0.619017085378054
26775,0.0527172916844809,0.15424668055247098,0.7930360277630483
26776,0.03742094607665246,0.07483551793590752,0.88774353598744
26777,0.05268500832636031,0.079820212910323,0.8674947787633167
26778,0.0693969928232616,0.08665704187627878,0.8439459653004596
26779,0.11248635477483095,0.1476998958491795,0.7398137493759896
26780,0.04689147318541079,0.14322374948805489,0.8098847773265344
26781,0.05113403462007131,0.14931117121059076,0.7995547941693381
26782,0.08266481839866567,0.09630513760482126,0.821030043996513
26783,0.19526079678900138,0.1523178311543893,0.6524213720566093
26784,0.08292944946090122,0.5399012003277793,0.3771693502113196
26785,0.06449360145433261,0.1837249302577743,0.7517814682878932
26786,0.6300737792609075,0.08130964606817392,0.2886165746709188
26787,0.02834422159249262,0.04441063026929889,0.9272451481382086
26788,0.08829498332449714,0.39534661183794406,0.5163584048375588
26789,0.12754300866692955,0.29251195507133926,0.5799450362617313
26790,0.045456617637785045,0.3316440775309487,0.6228993048312664
26791,0.06262518906466563,0.07149423452042299,0.8658805764149115
26792,0.08933089510006592,0.11752153701526186,0.7931475678846723
26793,0.04553613367326435,0.1842871290896681,0.7701767372370677
26794,0.039227337829322334,0.12430631976917245,0.8364663424015054
26795,0.07743220862984138,0.2907975389768337,0.6317702523933251
26796,0.13905122645404094,0.8519217797049514,0.009026993841007863
26797,0.11269409442233226,0.34552657163054384,0.541779333947124
26798,0.41146680401698676,0.19359013440710543,0.3949430615759079
26799,0.0714611332625051,0.12947087037031868,0.7990679963671764
26800,0.04248915810903417,0.9193809099668482,0.038129931924117774
26801,0.06602129039454506,0.5920092658819501,0.3419694437235048
26802,0.11829272829882101,0.074656973146911,0.8070502985542681
26803,0.059251475560807405,0.19433783647296107,0.7464106879662316
26804,0.03203247135257533,0.12359158514362027,0.8443759435038045
26805,0.02410754380489834,0.06620828043387648,0.9096841757612253
26806,0.05815070526214094,0.39476624766074847,0.5470830470771106
26807,0.0581325165164489,0.08335818958377302,0.8585092938997783
26808,0.033328969380110623,0.24834143809325682,0.7183295925266326
26809,0.06798121412018918,0.19930373708709942,0.7327150487927114
26810,0.04399072490877534,0.13730320589850573,0.818706069192719
26811,0.044832033581000276,0.0792714264436993,0.8758965399753005
26812,0.06387683699041269,0.08582024094489654,0.8503029220646908
26813,0.10244360305382463,0.4089028970679434,0.48865349987823203
26814,0.1723477553255518,0.10579214225594288,0.7218601024185054
26815,0.09826456379258351,0.18906992179638638,0.7126655144110301
26816,0.04020164359658653,0.4430844094980621,0.5167139469053513
26817,0.09701488529497389,0.05488830574947095,0.8480968089555552
26818,0.14628252804295339,0.15200446310639473,0.701713008850652
26819,0.09011975217027492,0.18069964291101784,0.7291806049187073
26820,0.16159139728941477,0.818673279084079,0.01973532362650612
26821,0.08581483271576927,0.8924911780201452,0.0216939892640855
26822,0.11886881392106789,0.17777762964477048,0.7033535564341616
26823,0.056239264653962714,0.09564391524498456,0.8481168201010528
26824,0.04717493195834732,0.11123755092033996,0.8415875171213129
26825,0.05491438454138857,0.17478783990050223,0.7702977755581093
26826,0.04441270965485233,0.08379368032896707,0.8717936100161807
26827,0.11103458306309388,0.16881707894513256,0.7201483379917736
26828,0.12276669675480967,0.09770700597874661,0.7795262972664437
26829,0.05046616187358078,0.04691979115824563,0.9026140469681737
26830,0.04183567315715125,0.14053545125516176,0.8176288755876872
26831,0.06916678068254388,0.11552631481534095,0.8153069045021153
26832,0.01878836030133324,0.07326312088130442,0.9079485188173625
26833,0.04757901089089568,0.09976780017444069,0.8526531889346638
26834,0.03526493326765128,0.2278108917208652,0.7369241750114838
26835,0.6512890916434161,0.08762904954624942,0.26108185881033463
26836,0.12906377233998062,0.3312652847710825,0.5396709428889369
26837,0.11997482299506768,0.05840386392258831,0.8216213130823442
26838,0.07419606601183198,0.49576715442365216,0.43003677956451597
26839,0.6554239628888358,0.06336578804189702,0.28121024906926756
26840,0.18174965773484955,0.278067323802911,0.5401830184622396
26841,0.03422046830697536,0.07076360289614607,0.8950159287968786
26842,0.031697613055199865,0.11334841323449167,0.8549539737103085
26843,0.21418319002654557,0.1401736061174172,0.6456432038560374
26844,0.04461512351967191,0.6064311564047719,0.3489537200755564
26845,0.3403852359800738,0.058371801382405566,0.6012429626375208
26846,0.04116834019848642,0.10089726630890182,0.8579343934926118
26847,0.13487709574647114,0.26300928619841846,0.6021136180551105
26848,0.1907841535667517,0.15349641207951953,0.6557194343537288
26849,0.12465285773215726,0.09682769254059323,0.7785194497272495
26850,0.12170121429641867,0.2153975281988546,0.6629012575047268
26851,0.050978074733022447,0.14495353327365293,0.8040683919933247
26852,0.07683131815893428,0.5153582215071819,0.40781046033388385
26853,0.058209112856656094,0.1088484910181104,0.8329423961252336
26854,0.08720485757465797,0.8864247184576762,0.026370423967665875
26855,0.08101315464499488,0.19472631067258078,0.7242605346824245
26856,0.11810752661071618,0.07381357105584964,0.8080789023334344
26857,0.06160022314337691,0.33150299824825524,0.606896778608368
26858,0.05778817209932793,0.7055460397661769,0.23666578813449518
26859,0.039204870395381265,0.6348461924325992,0.3259489371720196
26860,0.06667386276402404,0.5422519793182015,0.3910741579177746
26861,0.05533399983196647,0.25301878682371226,0.6916472133443213
26862,0.09384822207126542,0.15155865436473326,0.7545931235640014
26863,0.023460750345756957,0.10902134610453887,0.8675179035497043
26864,0.06562378839059452,0.38940288378905613,0.5449733278203494
26865,0.05205477311262431,0.1077821108243838,0.8401631160629919
26866,0.040126105801697884,0.10041431114407637,0.8594595830542259
26867,0.10576789791620166,0.12593283554014428,0.7682992665436541
26868,0.054146508857221824,0.09340515320843464,0.8524483379343436
26869,0.015121711887845467,0.017589624524747792,0.9672886635874068
26870,0.05517729943345109,0.6132062902769929,0.33161641028955613
26871,0.28808024954761713,0.1399258367528164,0.5719939136995665
26872,0.04407169331629364,0.15034882799330176,0.8055794786904047
26873,0.06369584062313544,0.1461750023162403,0.7901291570606243
26874,0.07274734294687968,0.4686205242739834,0.4586321327791371
26875,0.049050863993550436,0.30131974744530216,0.6496293885611475
26876,0.038856820650867714,0.06067193459895519,0.900471244750177
26877,0.055642060342529026,0.10702654226884183,0.8373313973886294
26878,0.09571961283034977,0.20233111479680585,0.7019492723728444
26879,0.06241781846372423,0.12235227208631676,0.8152299094499591
26880,0.4071429520942063,0.10176898850777943,0.4910880593980144
26881,0.03878109994874133,0.11192928164377784,0.8492896184074811
26882,0.4060014129630946,0.046594581897550676,0.5474040051393547
26883,0.05183989957617154,0.15853814852264922,0.7896219519011795
26884,0.056008109379257924,0.5221626031187738,0.42182928750196835
26885,0.31400395697863454,0.10586792039402611,0.5801281226273394
26886,0.05631417719511879,0.10479815753945884,0.8388876652654226
26887,0.06499063247968351,0.10903824188861432,0.8259711256317023
26888,0.2147089924906343,0.1633866778378947,0.6219043296714711
26889,0.06231559072552575,0.1126222913753608,0.8250621178991137
26890,0.0681198384560375,0.18895589924327544,0.7429242623006871
26891,0.0852521013612859,0.4341465736180811,0.48060132502063313
26892,0.1660079390097044,0.2275037412398836,0.6064883197504122
26893,0.06321372278005812,0.07435876087978224,0.8624275163401597
26894,0.05812927202064929,0.10680316954599157,0.8350675584333593
26895,0.09666702623844464,0.33202869737407736,0.571304276387478
26896,0.08210742570726529,0.21648151447517824,0.7014110598175566
26897,0.06717645609332544,0.14037052822532534,0.7924530156813494
26898,0.04974268459164607,0.08007458498587754,0.8701827304224764
26899,0.245112206731363,0.17004231088064736,0.5848454823879897
26900,0.04814543119826162,0.12309626554706103,0.8287583032546775
26901,0.05587487224965526,0.1542083756090151,0.7899167521413296
26902,0.031760278805609485,0.03553396544516125,0.9327057557492293
26903,0.10584204412722545,0.1913379108268353,0.7028200450459394
26904,0.33511122574437596,0.62105276752169,0.043836006733934084
26905,0.05690129793330066,0.11895971867466107,0.8241389833920383
26906,0.028176273192325834,0.06916922794902429,0.90265449885865
26907,0.06554126797946129,0.10086648269304209,0.8335922493274968
26908,0.0346377216429992,0.10602927113612975,0.8593330072208711
26909,0.06582608505234042,0.6396058686337188,0.2945680463139408
26910,0.15940862393829547,0.35154633246825634,0.4890450435934483
26911,0.09520997204982161,0.10011435532460379,0.8046756726255747
26912,0.06207479659016602,0.14172874933632718,0.7961964540735069
26913,0.24373693307860278,0.08453895200052099,0.6717241149208764
26914,0.04590409058616307,0.20669753453667694,0.74739837487716
26915,0.16700616141760286,0.08973925470696857,0.7432545838754288
26916,0.16259611569502133,0.8278137102611994,0.009590174043779206
26917,0.03796513275937237,0.11376072454875384,0.848274142691874
26918,0.058400643541999545,0.093437529352052,0.8481618271059486
26919,0.6779498257913462,0.12012394567087384,0.20192622853777992
26920,0.06045609262883432,0.19674709776377786,0.7427968096073879
26921,0.04092804684186344,0.5698887059572684,0.38918324720086844
26922,0.11353975605142538,0.38319586392064775,0.5032643800279271
26923,0.05378564528969852,0.11457549642407891,0.8316388582862226
26924,0.10001083190423177,0.16132597254435743,0.7386631955514109
26925,0.09180485173682268,0.06087537582945519,0.8473197724337221
26926,0.18079394808410582,0.27939632605441095,0.5398097258614833
26927,0.15541930443886262,0.2631828989817562,0.5813977965793813
26928,0.08830175174532252,0.8976917200562914,0.014006528198386256
26929,0.06698533875684451,0.13206714857545304,0.8009475126677025
26930,0.05585834091028129,0.48410605472661483,0.46003560436310403
26931,0.32471800109476384,0.6287352847537643,0.04654671415147208
26932,0.06730677002534667,0.42242939217060077,0.5102638378040526
26933,0.5179127329041316,0.1359896041137865,0.346097662982082
26934,0.06586054653433802,0.14090563099432954,0.7932338224713326
26935,0.05920413425298978,0.08191244089638333,0.858883424850627
26936,0.049921109006212036,0.0755462818724908,0.8745326091212973
26937,0.10114332198161853,0.20633722656001202,0.6925194514583695
26938,0.22273171171852374,0.7052565931763851,0.07201169510509126
26939,0.28363143027291743,0.6857250993493201,0.030643470377762654
26940,0.0739484755559387,0.11856497356470319,0.8074865508793582
26941,0.06036477292527414,0.13589899176091874,0.8037362353138073
26942,0.06144277168948078,0.15524728644142066,0.7833099418690986
26943,0.04866001865549093,0.4740478360197223,0.477292145324787
26944,0.05293783888769205,0.11976799974281052,0.8272941613694976
26945,0.06172734086249222,0.6131248589869279,0.3251478001505801
26946,0.043991791800251825,0.10018704112142578,0.8558211670783225
26947,0.07012118055358829,0.12317774458294865,0.8067010748634632
26948,0.08856499346681751,0.25537023186074836,0.6560647746724342
26949,0.3379839159439093,0.08446452522542269,0.577551558830668
26950,0.08458987175424096,0.08690802292303618,0.8285021053227231
26951,0.670521501708445,0.1546858113965457,0.1747926868950094
26952,0.08758529712387826,0.21054140844147856,0.7018732944346433
26953,0.04219829377211403,0.020224878383832256,0.9375768278440538
26954,0.048841650237851635,0.13692367045107104,0.8142346793110774
26955,0.03615146901325577,0.572911119776404,0.39093741121034037
26956,0.1013334330108266,0.3619784348829013,0.5366881321062722
26957,0.6006995828008929,0.14436521266583002,0.25493520453327717
26958,0.41590526110495246,0.14101669642013845,0.4430780424749092
26959,0.04177415461769483,0.14285896237191295,0.8153668830103922
26960,0.07089174369327376,0.15507510580471176,0.7740331505020145
26961,0.03292357325240941,0.10142296057537754,0.8656534661722131
26962,0.06578615229189808,0.5655560588589543,0.3686577888491476
26963,0.209241531715016,0.141944380699109,0.6488140875858751
26964,0.08871585070463044,0.19469277391873324,0.7165913753766364
26965,0.06261488243893461,0.4253224574469993,0.5120626601140661
26966,0.08210742570726529,0.21648151447517824,0.7014110598175566
26967,0.03486253437609002,0.07284439864149109,0.892293066982419
26968,0.16998169247795095,0.20057547041652665,0.6294428371055224
26969,0.052239797878056944,0.06821633454564065,0.8795438675763024
26970,0.09625125889167996,0.09070405946757193,0.8130446816407482
26971,0.0474703457326868,0.17375016843368313,0.7787794858336302
26972,0.14877967199368058,0.4361514393440821,0.41506888866223746
26973,0.06263836079297981,0.16084414841736897,0.7765174907896513
26974,0.0672023498820667,0.05996955616976325,0.8728280939481702
26975,0.08516336839739062,0.10520569855710586,0.8096309330455036
26976,0.26965143612517334,0.6856075472194177,0.04474101665540907
26977,0.17356247765372365,0.1377916714621886,0.6886458508840879
26978,0.07533190408596113,0.12169880806018486,0.802969287853854
26979,0.0780225303124669,0.2979620360786639,0.6240154336088692
26980,0.11624309552630271,0.11419185430524514,0.7695650501684521
26981,0.06625090039998363,0.3833030285381131,0.5504460710619034
26982,0.09149186059241965,0.13855525981461095,0.7699528795929694
26983,0.06999182806414145,0.22046515746831802,0.7095430144675406
26984,0.06658588521292899,0.12456588455297972,0.8088482302340914
26985,0.08168665614121197,0.3912432179941828,0.5270701258646053
26986,0.030820117073329403,0.02889193844899334,0.9402879444776774
26987,0.06554898867592707,0.6651551045317456,0.26929590679232734
26988,0.06866114609507251,0.5426681868372578,0.38867066706766973
26989,0.1042662147157767,0.21430494622865617,0.6814288390555673
26990,0.06951190271328794,0.091507693625067,0.8389804036616451
26991,0.03606949456800577,0.0713305801382721,0.8925999252937223
26992,0.08363600566029569,0.5061601111062997,0.4102038832334046
26993,0.04739509817893705,0.08968890781029394,0.8629159940107691
26994,0.2867860752594091,0.1429469783722254,0.5702669463683656
26995,0.03611037569499265,0.346098600021214,0.6177910242837934
26996,0.0411276767804064,0.10854459322296717,0.8503277299966265
26997,0.3556022044466804,0.413612028099763,0.23078576745355675
26998,0.21517966806864788,0.10726617775659554,0.6775541541747566
26999,0.3698000900896972,0.084732958548408,0.5454669513618949
27000,0.06551056503904379,0.35022477272856734,0.5842646622323889
27001,0.11286123037278765,0.4361690930465973,0.4509696765806151
27002,0.11627623931695506,0.2171881247580263,0.6665356359250187
27003,0.23567587977483312,0.19229139371146978,0.5720327265136972
27004,0.07885677553556737,0.1747204213581366,0.7464228031062962
27005,0.05721019665075461,0.46749449380452374,0.4752953095447217
27006,0.05774741490898554,0.07307686613517043,0.8691757189558442
27007,0.13385465834765417,0.5551451555061457,0.31100018614620006
27008,0.06522000427196326,0.29329415183806806,0.6414858438899688
27009,0.09018471975131977,0.20610259825656832,0.703712681992112
27010,0.07085865804590509,0.23420815640975526,0.6949331855443396
27011,0.19330030337488485,0.4679509872898724,0.33874870933524287
27012,0.07279205842062124,0.0674657755847154,0.8597421659946634
27013,0.2256297466720873,0.14878466257251466,0.6255855907553981
27014,0.08291327500326885,0.5826995636147082,0.3343871613820231
27015,0.0991979803202074,0.410146510042009,0.4906555096377837
27016,0.061219541288038234,0.09794846158158736,0.8408319971303745
27017,0.05912018281465958,0.09369178660427249,0.8471880305810681
27018,0.07534926381724964,0.09167080723909278,0.8329799289436577
27019,0.07120733105939145,0.1800555529470114,0.7487371159935973
27020,0.03084299391617064,0.49189019948004525,0.4772668066037842
27021,0.05391492978390033,0.4150385541687742,0.5310465160473256
27022,0.05155488005786589,0.20900448243079095,0.7394406375113433
27023,0.1004999885395848,0.4111626412596329,0.48833737020078233
27024,0.059728628500201594,0.22784105216954936,0.712430319330249
27025,0.07336987060779866,0.08324023203061613,0.8433898973615853
27026,0.04518130876859531,0.11827416715663622,0.8365445240747685
27027,0.06120229582389731,0.055603279320671835,0.8831944248554309
27028,0.24662831160512677,0.1553296541701082,0.5980420342247651
27029,0.07138625105692095,0.16940284261247618,0.7592109063306028
27030,0.11137670607052709,0.5061893461533629,0.3824339477761102
27031,0.5140909897496438,0.17160146344588226,0.31430754680447376
27032,0.24590463538226784,0.10525532829758087,0.6488400363201514
27033,0.07304530762443133,0.07840789149637091,0.8485468008791979
27034,0.10061273353364833,0.11234234727783846,0.7870449191885133
27035,0.6418596676729326,0.08768051630582976,0.2704598160212378
27036,0.07922593564449036,0.06290205665471164,0.8578720077007982
27037,0.1980244685790306,0.17467214092562466,0.6273033904953449
27038,0.05241849803874614,0.1343613194334732,0.8132201825277808
27039,0.4615890372538339,0.12408962966983342,0.41432133307633273
27040,0.07966828882934436,0.08628088098175109,0.8340508301889047
27041,0.017988559522322294,0.05049692854760222,0.9315145119300755
27042,0.3856493091191532,0.5787646370208775,0.035586053859969345
27043,0.07613601652823321,0.10727199529634159,0.8165919881754252
27044,0.0362280055065975,0.08858603535010932,0.8751859591432931
27045,0.04348206828586628,0.11207903238765905,0.8444388993264748
27046,0.031888402712736026,0.10390132855068952,0.8642102687365746
27047,0.11509139664683254,0.42962234609507327,0.45528625725809435
27048,0.4289560196959584,0.5661717822803689,0.004872198023672747
27049,0.16324368038204592,0.4079150749471663,0.42884124467078777
27050,0.07938782287616833,0.16027852064706194,0.7603336564767699
27051,0.05574026046546164,0.2448102127434401,0.6994495267910985
27052,0.05051687467403058,0.10465859868680581,0.8448245266391636
27053,0.0608988780205464,0.2411463029102558,0.6979548190691979
27054,0.10301241096624295,0.10802018019026764,0.7889674088434894
27055,0.11580315594571068,0.8741632922851036,0.010033551769185859
27056,0.2552977692731024,0.735190871269656,0.009511359457241696
27057,0.03753374664651403,0.19447439419938098,0.7679918591541051
27058,0.35935074952271834,0.23559696691029533,0.40505228356698636
27059,0.06419263983320475,0.16833804123498508,0.7674693189318103
27060,0.06244602013084942,0.11778877356064615,0.8197652063085045
27061,0.5637569269422699,0.11325702439948944,0.3229860486582408
27062,0.27795983220087384,0.06305839631083068,0.6589817714882955
27063,0.070211450249062,0.11063312415413852,0.8191554255967997
27064,0.02841573875739443,0.04368614074730864,0.927898120495297
27065,0.11668454772429554,0.3125005658629652,0.5708148864127393
27066,0.028376408790577835,0.040926533322200025,0.9306970578872222
27067,0.07211240392383911,0.2643248003154761,0.6635627957606849
27068,0.4456455217085059,0.06096042855415962,0.4933940497373346
27069,0.030285291286468643,0.08687964997556644,0.8828350587379651
27070,0.05070244824599354,0.09237830034611692,0.8569192514078896
27071,0.039094292699043735,0.059901630518023455,0.9010040767829328
27072,0.06224325307679038,0.18049317547809535,0.7572635714451145
27073,0.0630984850064721,0.13552061284757472,0.8013809021459531
27074,0.07305184752485062,0.46362909381647915,0.46331905865867035
